The toroidal mode    1
 Perpend. k-vec  Curvature        Coriolis
  3.40505214E+00  -8.00202280E-01  -6.58793911E-01
  3.40505214E+00  -2.18645348E+00  -1.89012977E+00
  3.40505214E+00  -3.05733541E+00  -2.84986678E+00
  3.40505214E+00  -3.34114033E+00  -3.36883927E+00
  3.40505214E+00  -3.11113595E+00  -3.35832478E+00
  3.40505214E+00  -2.48852323E+00  -2.83069434E+00
  3.40505214E+00  -1.59669209E+00  -1.88089821E+00
  3.40505214E+00  -5.49170440E-01  -6.58294441E-01
  3.40505214E+00   5.49170440E-01   6.58294441E-01
  3.40505214E+00   1.59669209E+00   1.88089821E+00
  3.40505214E+00   2.48852323E+00   2.83069434E+00
  3.40505214E+00   3.11113595E+00   3.35832478E+00
  3.40505214E+00   3.34114033E+00   3.36883927E+00
  3.40505214E+00   3.05733541E+00   2.84986678E+00
  3.40505214E+00   2.18645348E+00   1.89012977E+00
  3.40505214E+00   8.00202280E-01   6.58793911E-01
The toroidal mode    2
 Perpend. k-vec  Curvature        Coriolis
  3.52704351E+00  -7.60733616E-01  -6.29362814E-01
  3.49758665E+00  -2.19441819E+00  -1.89995693E+00
  3.47366842E+00  -3.09195396E+00  -2.88487933E+00
  3.45521169E+00  -3.38707718E+00  -3.41767654E+00
  3.44081771E+00  -3.15972405E+00  -3.41308398E+00
  3.42910307E+00  -2.53592674E+00  -2.88675602E+00
  3.41902634E+00  -1.64200811E+00  -1.93630163E+00
  3.40982972E+00  -5.93094559E-01  -7.12907069E-01
  3.40091689E+00   5.05246321E-01   6.03681812E-01
  3.39174306E+00   1.55137607E+00   1.82549479E+00
  3.38171455E+00   2.44111973E+00   2.77463267E+00
  3.37007874E+00   3.06254786E+00   3.30356558E+00
  3.35580061E+00   3.29520349E+00   3.32000200E+00
  3.33749848E+00   3.02271687E+00   2.81485422E+00
  3.31375352E+00   2.17848876E+00   1.88030260E+00
  3.28442413E+00   8.39670943E-01   6.88225008E-01
  3.25249804E+00  -6.96201174E-01  -5.76234273E-01
  3.22303689E+00  -2.01809130E+00  -1.74752712E+00
  3.19911214E+00  -2.84539466E+00  -2.65505136E+00
  3.18064934E+00  -3.11763037E+00  -3.14599596E+00
  3.16625073E+00  -2.90882599E+00  -3.14225134E+00
  3.15453292E+00  -2.33523938E+00  -2.65847422E+00
  3.14445428E+00  -1.51324262E+00  -1.78461630E+00
  3.13525683E+00  -5.48806620E-01  -6.59818808E-01
  3.12634415E+00   4.60958382E-01   5.50593551E-01
  3.11717150E+00   1.42261057E+00   1.67380945E+00
  3.10714532E+00   2.24043237E+00   2.54635087E+00
  3.09551326E+00   2.81164980E+00   3.03273293E+00
  3.08124068E+00   3.02575668E+00   3.04832141E+00
  3.06294609E+00   2.77615756E+00   2.58502625E+00
  3.03920988E+00   2.00216187E+00   1.72787278E+00
  3.00988756E+00   7.75138501E-01   6.35096467E-01
  2.97796279E+00  -6.31668733E-01  -5.23105732E-01
  2.94849668E+00  -1.84176441E+00  -1.59509730E+00
  2.92456425E+00  -2.59883535E+00  -2.42522340E+00
  2.90609428E+00  -2.84818357E+00  -2.87431537E+00
  2.89169020E+00  -2.65792793E+00  -2.87141870E+00
  2.87996866E+00  -2.13455202E+00  -2.43019241E+00
  2.86988777E+00  -1.38447713E+00  -1.63293096E+00
  2.86068934E+00  -5.04518682E-01  -6.06730546E-01
  2.85177686E+00   4.16670444E-01   4.97505290E-01
  2.84260561E+00   1.29384508E+00   1.52212411E+00
  2.83258223E+00   2.03974501E+00   2.31806907E+00
  2.82095469E+00   2.56075174E+00   2.76190029E+00
  2.80668879E+00   2.75630988E+00   2.77664082E+00
  2.78840326E+00   2.52959825E+00   2.35519829E+00
  2.76467763E+00   1.82583498E+00   1.57544296E+00
  2.73536392E+00   7.10606059E-01   5.81967926E-01
  2.70344091E+00  -5.67136291E-01  -4.69977190E-01
  2.67396895E+00  -1.66543751E+00  -1.44266748E+00
  2.65002736E+00  -2.35227604E+00  -2.19539543E+00
  2.63154881E+00  -2.57873677E+00  -2.60263478E+00
  2.61713816E+00  -2.40702987E+00  -2.60058605E+00
  2.60541213E+00  -1.93386467E+00  -2.20191061E+00
  2.59532854E+00  -1.25571164E+00  -1.48124562E+00
  2.58612896E+00  -4.60230743E-01  -5.53642285E-01
  2.57721675E+00   3.72382505E-01   4.44417028E-01
  2.56804724E+00   1.16507959E+00   1.37043877E+00
  2.55802728E+00   1.83905766E+00   2.08978726E+00
  2.54640527E+00   2.30985368E+00   2.49106765E+00
  2.53214754E+00   2.48686308E+00   2.50496024E+00
  2.51387314E+00   2.28303894E+00   2.12537032E+00
  2.49016054E+00   1.64950808E+00   1.42301314E+00
  2.46085754E+00   6.46073617E-01   5.28839384E-01
  2.42893690E+00  -5.02603849E-01  -4.16848649E-01
  2.39945799E+00  -1.48911062E+00  -1.29023766E+00
  2.37550528E+00  -2.10571673E+00  -1.96556747E+00
  2.35701627E+00  -2.30928997E+00  -2.33095420E+00
  2.34259759E+00  -2.15613180E+00  -2.32975341E+00
  2.33086607E+00  -1.73317731E+00  -1.97362881E+00
  2.32077920E+00  -1.12694615E+00  -1.32956028E+00
  2.31157822E+00  -4.15942804E-01  -5.00554024E-01
  2.30266638E+00   3.28094566E-01   3.91328767E-01
  2.29349906E+00   1.03631410E+00   1.21875343E+00
  2.28348341E+00   1.63837030E+00   1.86150546E+00
  2.27186832E+00   2.05895562E+00   2.22023500E+00
  2.25762082E+00   2.21741628E+00   2.23327965E+00
  2.23936040E+00   2.03647964E+00   1.89554236E+00
  2.21566424E+00   1.47318119E+00   1.27058332E+00
  2.18637491E+00   5.81541175E-01   4.75710843E-01
  2.15445761E+00  -4.38071407E-01  -3.63720108E-01
  2.12497028E+00  -1.31278373E+00  -1.13780784E+00
  2.10100383E+00  -1.85915743E+00  -1.73573950E+00
  2.08250178E+00  -2.03984317E+00  -2.05927361E+00
  2.06807306E+00  -1.90523374E+00  -2.05892077E+00
  2.05633468E+00  -1.53248995E+00  -1.74534701E+00
  2.04624371E+00  -9.98180659E-01  -1.17787494E+00
  2.03704103E+00  -3.71654865E-01  -4.47465762E-01
  2.02812971E+00   2.83806627E-01   3.38240506E-01
  2.01896525E+00   9.07548610E-01   1.06706809E+00
  2.00895514E+00   1.43768294E+00   1.63322366E+00
  1.99734896E+00   1.80805756E+00   1.94940236E+00
  1.98311466E+00   1.94796948E+00   1.96159907E+00
  1.96487231E+00   1.78992033E+00   1.66571439E+00
  1.94119754E+00   1.29685430E+00   1.11815350E+00
  1.91192628E+00   5.17008733E-01   4.22582302E-01
  1.88001386E+00  -3.73538965E-01  -3.10591567E-01
  1.85051618E+00  -1.13645683E+00  -9.85378016E-01
  1.82653229E+00  -1.61259812E+00  -1.50591154E+00
  1.80801356E+00  -1.77039637E+00  -1.78759302E+00
  1.79357194E+00  -1.65433568E+00  -1.78808812E+00
  1.78182474E+00  -1.33180259E+00  -1.51706521E+00
  1.77172851E+00  -8.69415168E-01  -1.02618960E+00
  1.76252370E+00  -3.27366927E-01  -3.94377501E-01
  1.75361318E+00   2.39518689E-01   2.85152244E-01
  1.74445257E+00   7.78783119E-01   9.15382749E-01
  1.73444989E+00   1.23699558E+00   1.40494186E+00
  1.72285562E+00   1.55715950E+00   1.67856972E+00
  1.70863898E+00   1.67852268E+00   1.68991848E+00
  1.69042090E+00   1.54336102E+00   1.43588643E+00
  1.66677509E+00   1.12052740E+00   9.65723678E-01
  1.63752873E+00   4.52476292E-01   3.69453761E-01
  1.60562387E+00  -3.09006523E-01  -2.57463026E-01
  1.57611325E+00  -9.60129939E-01  -8.32948196E-01
  1.55210655E+00  -1.36603881E+00  -1.27608357E+00
  1.53356570E+00  -1.50094957E+00  -1.51591244E+00
  1.51910692E+00  -1.40343762E+00  -1.51725548E+00
  1.50734796E+00  -1.13111524E+00  -1.28878340E+00
  1.49724479E+00  -7.40649677E-01  -8.74504258E-01
  1.48803726E+00  -2.83078988E-01  -3.41289240E-01
  1.47912801E+00   1.95230750E-01   2.32063983E-01
  1.46997289E+00   6.50017628E-01   7.63697409E-01
  1.45998064E+00   1.03630823E+00   1.17666006E+00
  1.44840309E+00   1.30626144E+00   1.40773707E+00
  1.43421126E+00   1.40907588E+00   1.41823789E+00
  1.41602748E+00   1.29680171E+00   1.20605846E+00
  1.39242302E+00   9.44200510E-01   8.13293858E-01
  1.36321310E+00   3.87943850E-01   3.16325220E-01
  1.33132089E+00  -2.44474081E-01  -2.04334484E-01
  1.30179385E+00  -7.83803046E-01  -6.80518376E-01
  1.27775611E+00  -1.11947950E+00  -1.04625560E+00
  1.25918462E+00  -1.23150277E+00  -1.24423185E+00
  1.24470187E+00  -1.15253956E+00  -1.24642284E+00
  1.23292649E+00  -9.30427878E-01  -1.06050160E+00
  1.22281371E+00  -6.11884186E-01  -7.22818918E-01
  1.21360263E+00  -2.38791049E-01  -2.88200978E-01
  1.20469562E+00   1.50942811E-01   1.78975721E-01
  1.19554891E+00   5.21252136E-01   6.12012070E-01
  1.18557240E+00   8.35620869E-01   9.48378255E-01
  1.17401999E+00   1.05536337E+00   1.13690443E+00
  1.15986556E+00   1.13962908E+00   1.14655731E+00
  1.14173387E+00   1.05024240E+00   9.76230494E-01
  1.11819317E+00   7.67873616E-01   6.60864038E-01
  1.08904131E+00   3.23411408E-01   2.63196678E-01
  1.05717265E+00  -1.79941639E-01  -1.51205943E-01
  1.02762487E+00  -6.07476152E-01  -5.28088556E-01
  1.00354273E+00  -8.72920195E-01  -8.16427638E-01
  9.84926112E-01  -9.62055968E-01  -9.72551266E-01
  9.70407675E-01  -9.01641500E-01  -9.75590192E-01
  9.58607841E-01  -7.29740521E-01  -8.32219800E-01
  9.48480987E-01  -4.83118694E-01  -5.71133579E-01
  9.39265238E-01  -1.94503111E-01  -2.35112717E-01
  9.30362726E-01   1.06654873E-01   1.25887460E-01
  9.21230432E-01   3.92486645E-01   4.60326730E-01
  9.11280298E-01   6.34933511E-01   7.20096453E-01
  8.99769830E-01   8.04465314E-01   8.66071784E-01
  8.85678103E-01   8.70182278E-01   8.74876720E-01
  8.67634723E-01   8.03683097E-01   7.46402529E-01
  8.44204618E-01   5.91546723E-01   5.08434219E-01
  8.15158506E-01   2.58878966E-01   2.10068137E-01
  7.83341632E-01  -1.15409197E-01  -9.80774019E-02
  7.53770465E-01  -4.31149259E-01  -3.75658737E-01
  7.29620948E-01  -6.26360887E-01  -5.86599673E-01
  7.10932050E-01  -6.92609167E-01  -7.00870680E-01
  6.96355339E-01  -6.50743439E-01  -7.04757548E-01
  6.84515632E-01  -5.29053163E-01  -6.03937998E-01
  6.74366658E-01  -3.54353203E-01  -4.19448239E-01
  6.65145426E-01  -1.50215172E-01  -1.82024456E-01
  6.56254112E-01   6.23669339E-02   7.27991988E-02
  6.47151612E-01   2.63721154E-01   3.08641391E-01
  6.37254291E-01   4.34246153E-01   4.91814651E-01
  6.25827414E-01   5.53567253E-01   5.95239141E-01
  6.11861649E-01   6.00735477E-01   6.03196134E-01
  5.93999328E-01   5.57123790E-01   5.16574563E-01
  5.70804966E-01   4.15219829E-01   3.56004399E-01
  5.42002952E-01   1.94346524E-01   1.56939596E-01
  5.10338716E-01  -5.08767553E-02  -4.49488607E-02
  4.80768494E-01  -2.54822366E-01  -2.23228917E-01
  4.56515982E-01  -3.79801579E-01  -3.56771707E-01
  4.37699334E-01  -4.23162366E-01  -4.29190094E-01
  4.23015195E-01  -3.99845378E-01  -4.33924905E-01
  4.11103033E-01  -3.28365806E-01  -3.75656196E-01
  4.00918936E-01  -2.25587712E-01  -2.67762900E-01
  3.91700246E-01  -1.05927233E-01  -1.28936194E-01
  3.82851815E-01   1.80789952E-02   1.97109374E-02
  3.73839944E-01   1.34955663E-01   1.56956051E-01
  3.64095696E-01   2.33558796E-01   2.63532849E-01
  3.52910119E-01   3.02669192E-01   3.24406497E-01
  3.39315558E-01   3.31288676E-01   3.31515548E-01
  3.22012088E-01   3.10564482E-01   2.86746597E-01
  2.99610706E-01   2.38892936E-01   2.03574579E-01
  2.71776390E-01   1.29814082E-01   1.03811055E-01
  2.40994798E-01   1.36556866E-02   8.17968051E-03
  2.11939075E-01  -7.84954722E-02  -7.07990969E-02
  1.87825322E-01  -1.33242272E-01  -1.26943741E-01
  1.68962807E-01  -1.53715565E-01  -1.57509507E-01
  1.54221751E-01  -1.48947317E-01  -1.63092261E-01
  1.42341675E-01  -1.27678448E-01  -1.47374394E-01
  1.32336658E-01  -9.68222210E-02  -1.16077560E-01
  1.23495437E-01  -6.16392945E-02  -7.58479330E-02
  1.15295100E-01  -2.62089435E-02  -3.33773239E-02
  1.07325646E-01   6.19017189E-03   5.27071145E-03
  9.92457349E-02   3.28714382E-02   3.52510471E-02
  9.07884771E-02   5.17711313E-02   5.35738537E-02
  8.18951348E-02   6.18418754E-02   5.98349617E-02
  7.32104081E-02   6.40051743E-02   5.69186315E-02
  6.72773165E-02   6.25660426E-02   5.11447590E-02
  6.90579997E-02   6.52816401E-02   5.06825135E-02
  8.07637015E-02   7.81881285E-02   6.13082217E-02
  9.75161182E-02   9.78314212E-02   8.16307230E-02
  1.13847514E-01   1.13317036E-01   1.02884225E-01
  1.27779296E-01   1.15731236E-01   1.14171079E-01
  1.39421077E-01   1.01950743E-01   1.07740382E-01
  1.49425554E-01   7.30089097E-02   8.09074075E-02
  1.58434165E-01   3.19432701E-02   3.56077794E-02
  1.66986703E-01  -1.73513558E-02  -2.27596716E-02
  1.75561395E-01  -7.04968822E-02  -8.64655852E-02
  1.84642032E-01  -1.22575319E-01  -1.46414628E-01
  1.94795152E-01  -1.67815919E-01  -1.93030755E-01
  2.06763001E-01  -1.99126930E-01  -2.17258790E-01
  2.21562573E-01  -2.07604925E-01  -2.11845625E-01
  2.40497688E-01  -1.82554133E-01  -1.72909334E-01
  2.64758937E-01  -1.13760851E-01  -1.01285061E-01
  2.94086728E-01   7.49198194E-04  -2.44602773E-03
  3.25235997E-01   1.42720570E-01   1.14436763E-01
  3.53428933E-01   2.74158315E-01   2.34060543E-01
  3.76105778E-01   3.59876343E-01   3.32712190E-01
  3.93596319E-01   3.85178036E-01   3.85851665E-01
  4.07312559E-01   3.52848804E-01   3.78573026E-01
  4.18576439E-01   2.73696267E-01   3.09189209E-01
  4.28370369E-01   1.60708761E-01   1.87293119E-01
  4.37412151E-01   2.69365829E-02   3.03285897E-02
  4.46275746E-01  -1.14784821E-01  -1.39553847E-01
  4.55497487E-01  -2.51340810E-01  -2.98099968E-01
  4.65673686E-01  -3.68503277E-01  -4.21312557E-01
  4.77567508E-01  -4.50024990E-01  -4.88091433E-01
  4.92224065E-01  -4.77051726E-01  -4.83526211E-01
  5.11008716E-01  -4.29113441E-01  -4.02737300E-01
  5.35238028E-01  -2.90087744E-01  -2.53714881E-01
  5.64815364E-01  -6.37832437E-02  -5.55745689E-02
  5.96527893E-01   2.07253012E-01   1.67565304E-01
  6.25400690E-01   4.50485208E-01   3.86490363E-01
  6.48661123E-01   6.06435651E-01   5.62540156E-01
  6.66573305E-01   6.54624837E-01   6.57532251E-01
  6.80573434E-01   6.03746865E-01   6.49405670E-01
  6.92023027E-01   4.74383625E-01   5.37471011E-01
  7.01934724E-01   2.89474252E-01   3.38978458E-01
  7.11045439E-01   7.12245216E-02   8.34168511E-02
  7.19940050E-01  -1.59072760E-01  -1.92642108E-01
  7.29160227E-01  -3.80106302E-01  -4.49785307E-01
  7.39303867E-01  -5.69190635E-01  -6.49594359E-01
  7.51133747E-01  -7.00923051E-01  -7.58924077E-01
  7.65696076E-01  -7.46498527E-01  -7.55206797E-01
  7.84367307E-01  -6.75672749E-01  -6.32565266E-01
  8.08500832E-01  -4.66414638E-01  -4.06144700E-01
  8.38067528E-01  -1.28315686E-01  -1.08703110E-01
  8.69898842E-01   2.71785454E-01   2.20693845E-01
  8.98972430E-01   6.26812102E-01   5.38920182E-01
  9.22430671E-01   8.52994959E-01   7.92368122E-01
  9.40496292E-01   9.24071638E-01   9.29212838E-01
  9.54603726E-01   8.54644926E-01   9.20238313E-01
  9.66124681E-01   6.75070983E-01   7.65752813E-01
  9.76081419E-01   4.18239744E-01   4.90663798E-01
  9.85217356E-01   1.15512460E-01   1.36505112E-01
  9.94121071E-01  -2.03360698E-01  -2.45730369E-01
  1.00333579E+00  -5.08871793E-01  -6.01470647E-01
  1.01345934E+00  -7.69877992E-01  -8.77876161E-01
  1.02525337E+00  -9.51821112E-01  -1.02975672E+00
  1.03976335E+00  -1.01594533E+00  -1.02688738E+00
  1.05836933E+00  -9.22232056E-01  -8.62393231E-01
  1.08244115E+00  -6.42741531E-01  -5.58574520E-01
  1.11198443E+00  -1.92848128E-01  -1.61831651E-01
  1.14385920E+00   3.36317896E-01   2.73822387E-01
  1.17302525E+00   8.03138995E-01   6.91350002E-01
  1.19658131E+00   1.09955427E+00   1.02219609E+00
  1.21472547E+00   1.19351844E+00   1.20089342E+00
  1.22888882E+00   1.10554299E+00   1.19107096E+00
  1.24044723E+00   8.75758340E-01   9.94034615E-01
  1.25042749E+00   5.47005235E-01   6.42349138E-01
  1.25957622E+00   1.59800399E-01   1.89593374E-01
  1.26848379E+00  -2.47648637E-01  -2.98818631E-01
  1.27769408E+00  -6.37637284E-01  -7.53155986E-01
  1.28780466E+00  -9.70565350E-01  -1.10615796E+00
  1.29957626E+00  -1.20271917E+00  -1.30058936E+00
  1.31405349E+00  -1.28539213E+00  -1.29856797E+00
  1.33261795E+00  -1.16879136E+00  -1.09222120E+00
  1.35664862E+00  -8.19068425E-01  -7.11004340E-01
  1.38617205E+00  -2.57380569E-01  -2.14960193E-01
  1.41806739E+00   4.00850338E-01   3.26950928E-01
  1.44728588E+00   9.79465888E-01   8.43779822E-01
  1.47089997E+00   1.34611357E+00   1.25202405E+00
  1.48909169E+00   1.46296524E+00   1.47257401E+00
  1.50328926E+00   1.35644105E+00   1.46190360E+00
  1.51487067E+00   1.07644570E+00   1.22231642E+00
  1.52486533E+00   6.75770726E-01   7.94034477E-01
  1.53402173E+00   2.04088338E-01   2.42681635E-01
  1.54293128E+00  -2.91936576E-01  -3.51906892E-01
  1.55213821E+00  -7.66402775E-01  -9.04841326E-01
  1.56223982E+00  -1.17125271E+00  -1.33443976E+00
  1.57399613E+00  -1.45361723E+00  -1.57142201E+00
  1.58845104E+00  -1.55483893E+00  -1.57024856E+00
  1.60698691E+00  -1.41535067E+00  -1.32204916E+00
  1.63098851E+00  -9.95395318E-01  -8.63434160E-01
  1.66049629E+00  -3.21913011E-01  -2.68088734E-01
  1.69240296E+00   4.65382780E-01   3.80079469E-01
  1.72165502E+00   1.15579278E+00   9.96209642E-01
  1.74530742E+00   1.59267288E+00   1.48185202E+00
  1.76353099E+00   1.73241204E+00   1.74425460E+00
  1.77775163E+00   1.60733911E+00   1.73273624E+00
  1.78934859E+00   1.27713306E+00   1.45059822E+00
  1.79935295E+00   8.04536217E-01   9.45719817E-01
  1.80851444E+00   2.48376276E-01   2.95769896E-01
  1.81742515E+00  -3.36224514E-01  -4.04995153E-01
  1.82662949E+00  -8.95168266E-01  -1.05652667E+00
  1.83672455E+00  -1.37194007E+00  -1.56272157E+00
  1.84846980E+00  -1.70451529E+00  -1.84225465E+00
  1.86290854E+00  -1.82428573E+00  -1.84192914E+00
  1.88142358E+00  -1.66190998E+00  -1.55187713E+00
  1.90540362E+00  -1.17172221E+00  -1.01586398E+00
  1.93489904E+00  -3.86445453E-01  -3.21217275E-01
  1.96681260E+00   5.29915222E-01   4.33208010E-01
  1.99608793E+00   1.33211968E+00   1.14863946E+00
  2.01976748E+00   1.83923219E+00   1.71167998E+00
  2.03801385E+00   2.00185884E+00   2.01593518E+00
  2.05225109E+00   1.85823717E+00   2.00356889E+00
  2.06385924E+00   1.47782041E+00   1.67888002E+00
  2.07387059E+00   9.33301708E-01   1.09740516E+00
  2.08303569E+00   2.92664215E-01   3.48858158E-01
  2.09194712E+00  -3.80512453E-01  -4.58083415E-01
  2.10114943E+00  -1.02393376E+00  -1.20821201E+00
  2.11123951E+00  -1.57262742E+00  -1.79100337E+00
  2.12297639E+00  -1.95541336E+00  -2.11308730E+00
  2.13740290E+00  -2.09373253E+00  -2.11360973E+00
  2.15590209E+00  -1.90846929E+00  -1.78170509E+00
  2.17986554E+00  -1.34804910E+00  -1.16829380E+00
  2.20935105E+00  -4.50977895E-01  -3.74345816E-01
  2.24126912E+00   5.94447664E-01   4.86336551E-01
  2.27056147E+00   1.50844657E+00   1.30106928E+00
  2.29426126E+00   2.08579150E+00   1.94150795E+00
  2.31252475E+00   2.27130564E+00   2.28761577E+00
  2.32677450E+00   2.10913523E+00   2.27440153E+00
  2.33839111E+00   1.67850777E+00   1.90716182E+00
  2.34840771E+00   1.06206720E+00   1.24909050E+00
  2.35757551E+00   3.36952154E-01   4.01946419E-01
  2.36648743E+00  -4.24800392E-01  -5.11171676E-01
  2.37568811E+00  -1.15269925E+00  -1.35989734E+00
  2.38577427E+00  -1.77331478E+00  -2.01928517E+00
  2.39750460E+00  -2.20631142E+00  -2.38391994E+00
  2.41192153E+00  -2.36317933E+00  -2.38529031E+00
  2.43040827E+00  -2.15502859E+00  -2.01153306E+00
  2.45435857E+00  -1.52437600E+00  -1.32072362E+00
  2.48383599E+00  -5.15510337E-01  -4.27474357E-01
  2.51575716E+00   6.58980106E-01   5.39465093E-01
  2.54506251E+00   1.68477346E+00   1.45349910E+00
  2.56877796E+00   2.33235080E+00   2.17133592E+00
  2.58705477E+00   2.54075244E+00   2.55929636E+00
  2.60131429E+00   2.36003329E+00   2.54523417E+00
  2.61293750E+00   1.87919513E+00   2.13544362E+00
  2.62295820E+00   1.19083269E+00   1.40077584E+00
  2.63212809E+00   3.81240093E-01   4.55034680E-01
  2.64104036E+00  -4.69088331E-01  -5.64259937E-01
  2.65023969E+00  -1.28146474E+00  -1.51158268E+00
  2.66032270E+00  -1.97400214E+00  -2.24756697E+00
  2.67204776E+00  -2.45720948E+00  -2.65475258E+00
  2.68645700E+00  -2.63262613E+00  -2.65697090E+00
  2.70493369E+00  -2.40158790E+00  -2.24136103E+00
  2.72887332E+00  -1.70070289E+00  -1.47315344E+00
  2.75834402E+00  -5.80042779E-01  -4.80602899E-01
  2.79026743E+00   7.23512548E-01   5.92593634E-01
  2.81958301E+00   1.86110036E+00   1.60592892E+00
  2.84331093E+00   2.57891011E+00   2.40116388E+00
  2.86159841E+00   2.81019924E+00   2.83097694E+00
  2.87586576E+00   2.61093135E+00   2.81606682E+00
  2.88749427E+00   2.07988249E+00   2.36372543E+00
  2.89751826E+00   1.31959818E+00   1.55246118E+00
  2.90668981E+00   4.25528031E-01   5.08122942E-01
  2.91560233E+00  -5.13376269E-01  -6.17348199E-01
  2.92480055E+00  -1.41023023E+00  -1.66326802E+00
  2.93488096E+00  -2.17468950E+00  -2.47584877E+00
  2.94660170E+00  -2.70810754E+00  -2.92558523E+00
  2.96100461E+00  -2.90207293E+00  -2.92865149E+00
  2.97947304E+00  -2.64814721E+00  -2.47118899E+00
  3.00340384E+00  -1.87702979E+00  -1.62558326E+00
  3.03286889E+00  -6.44575221E-01  -5.33731440E-01
  3.06479395E+00   7.88044989E-01   6.45722175E-01
  3.09411779E+00   2.03742725E+00   1.75835874E+00
  3.11785588E+00   2.82546942E+00   2.63099185E+00
  3.13615209E+00   3.07964604E+00   3.10265753E+00
  3.15042586E+00   2.86182941E+00   3.08689946E+00
  3.16205872E+00   2.28056984E+00   2.59200723E+00
  3.17208540E+00   1.44836367E+00   1.70414651E+00
  3.18125831E+00   4.69815970E-01   5.61211203E-01
  3.19017102E+00  -5.57664208E-01  -6.70436460E-01
  3.19936830E+00  -1.53899572E+00  -1.81495336E+00
  3.20944653E+00  -2.37537685E+00  -2.70413058E+00
  3.22116366E+00  -2.95900560E+00  -3.19641787E+00
  3.23556128E+00  -3.17151973E+00  -3.20033207E+00
  3.25402279E+00  -2.89470652E+00  -2.70101696E+00
  3.27794616E+00  -2.05335668E+00  -1.77801308E+00
  3.30740639E+00  -7.09107663E-01  -5.86859981E-01
The toroidal mode    3
 Perpend. k-vec  Curvature        Coriolis
  3.65026156E+00  -7.21264953E-01  -5.99931717E-01
  3.59126150E+00  -2.20238291E+00  -1.90978410E+00
  3.54328560E+00  -3.12657251E+00  -2.91989188E+00
  3.50624030E+00  -3.43301402E+00  -3.46651382E+00
  3.47735101E+00  -3.20831214E+00  -3.46784319E+00
  3.45385244E+00  -2.58333024E+00  -2.94281769E+00
  3.43365754E+00  -1.68732414E+00  -1.99170506E+00
  3.41524694E+00  -6.37018678E-01  -7.67519698E-01
  3.39742631E+00   4.61322202E-01   5.49069184E-01
  3.37910697E+00   1.50606004E+00   1.77009136E+00
  3.35910518E+00   2.39371623E+00   2.71857100E+00
  3.33592242E+00   3.01395977E+00   3.24880637E+00
  3.30749766E+00   3.24926664E+00   3.27116472E+00
  3.27107328E+00   2.98809832E+00   2.77984167E+00
  3.22379579E+00   2.17052405E+00   1.87047543E+00
  3.16531537E+00   8.79139606E-01   7.17656105E-01
  3.10150967E+00  -5.92200069E-01  -4.93674635E-01
  3.04248249E+00  -1.84972912E+00  -1.60492446E+00
  2.99445823E+00  -2.63345390E+00  -2.46023595E+00
  2.95736591E+00  -2.89412042E+00  -2.92315264E+00
  2.92844007E+00  -2.70651602E+00  -2.92617790E+00
  2.90491647E+00  -2.18195553E+00  -2.48625409E+00
  2.88470680E+00  -1.42979316E+00  -1.68833438E+00
  2.86629046E+00  -5.48442801E-01  -6.61343175E-01
  2.84847267E+00   3.72746325E-01   4.42892661E-01
  2.83016520E+00   1.24852906E+00   1.46672068E+00
  2.81018594E+00   1.99234151E+00   2.26200739E+00
  2.78703921E+00   2.51216365E+00   2.70714109E+00
  2.75866799E+00   2.71037304E+00   2.72780355E+00
  2.72231768E+00   2.49497970E+00   2.32018573E+00
  2.67512974E+00   1.81787026E+00   1.56561579E+00
  2.61672868E+00   7.50074723E-01   6.11399023E-01
  2.55295135E+00  -4.63135185E-01  -3.87417552E-01
  2.49388970E+00  -1.49707533E+00  -1.30006482E+00
  2.44579904E+00  -2.14033528E+00  -2.00058002E+00
  2.40864087E+00  -2.35522682E+00  -2.37979147E+00
  2.37966342E+00  -2.20471990E+00  -2.38451261E+00
  2.35610447E+00  -1.78058081E+00  -2.02969048E+00
  2.33587416E+00  -1.17226217E+00  -1.38496370E+00
  2.31745032E+00  -4.59866923E-01  -5.55166652E-01
  2.29963761E+00   2.84170447E-01   3.36716138E-01
  2.28134868E+00   9.90998077E-01   1.16335000E+00
  2.26140398E+00   1.59096679E+00   1.80544379E+00
  2.23831239E+00   2.01036753E+00   2.16547580E+00
  2.21002328E+00   2.17147944E+00   2.18444238E+00
  2.17378754E+00   2.00186109E+00   1.86052980E+00
  2.12674036E+00   1.46521648E+00   1.26075615E+00
  2.06846856E+00   6.21009839E-01   5.05141940E-01
  2.00474549E+00  -3.34070302E-01  -2.81160470E-01
  1.94564064E+00  -1.14442155E+00  -9.95205185E-01
  1.89745392E+00  -1.64721667E+00  -1.54092409E+00
  1.86019732E+00  -1.81633322E+00  -1.83643030E+00
  1.83114181E+00  -1.70292378E+00  -1.84284733E+00
  1.80752938E+00  -1.37920610E+00  -1.57312688E+00
  1.78726843E+00  -9.14731193E-01  -1.08159302E+00
  1.76883479E+00  -3.71291046E-01  -4.48990129E-01
  1.75103263E+00   1.95594570E-01   2.30539616E-01
  1.73277643E+00   7.33467094E-01   8.59979324E-01
  1.71289126E+00   1.18959208E+00   1.34888018E+00
  1.68989429E+00   1.50857140E+00   1.62381051E+00
  1.66174677E+00   1.63258584E+00   1.64108121E+00
  1.62571109E+00   1.50874247E+00   1.40087387E+00
  1.57891596E+00   1.11256269E+00   9.55896509E-01
  1.52088821E+00   4.91944955E-01   3.98884858E-01
  1.45728995E+00  -2.05005418E-01  -1.74903387E-01
  1.39813975E+00  -7.91767761E-01  -6.90345545E-01
  1.34980567E+00  -1.15409805E+00  -1.08126816E+00
  1.31238826E+00  -1.27743961E+00  -1.29306913E+00
  1.28320235E+00  -1.20112765E+00  -1.30118204E+00
  1.25950077E+00  -9.77831383E-01  -1.11656328E+00
  1.23919102E+00  -6.57200210E-01  -7.78222343E-01
  1.22074675E+00  -2.82715168E-01  -3.42813607E-01
  1.20297258E+00   1.07018692E-01   1.24363093E-01
  1.18478777E+00   4.75936112E-01   5.56608645E-01
  1.16502815E+00   7.88217364E-01   8.92316581E-01
  1.14222968E+00   1.00677528E+00   1.08214522E+00
  1.11438205E+00   1.09369223E+00   1.09772003E+00
  1.07878006E+00   1.01562386E+00   9.41217940E-01
  1.03255615E+00   7.59908901E-01   6.51036869E-01
  9.75133488E-01   3.62880071E-01   2.92627775E-01
  9.11936996E-01  -7.59405339E-02  -6.86463049E-02
  8.52829171E-01  -4.39113974E-01  -3.85485905E-01
  8.04279136E-01  -6.60979436E-01  -6.21612227E-01
  7.66575084E-01  -7.38546012E-01  -7.49707953E-01
  7.37144335E-01  -6.99331532E-01  -7.59516752E-01
  7.13279418E-01  -5.76456668E-01  -6.59999672E-01
  6.92896763E-01  -3.99669228E-01  -4.74851664E-01
  6.74473362E-01  -1.94139291E-01  -2.36637084E-01
  6.56822929E-01   1.84428149E-02   1.81865704E-02
  6.38886188E-01   2.18405130E-01   2.53237966E-01
  6.19540385E-01   3.86842649E-01   4.35752977E-01
  5.97394474E-01   5.04979160E-01   5.40479937E-01
  5.70559337E-01   5.54798632E-01   5.54358861E-01
  5.36508971E-01   5.22505241E-01   4.81562008E-01
  4.92559016E-01   4.07255115E-01   3.46177230E-01
  4.38081339E-01   2.33815187E-01   1.86370693E-01
  3.77901774E-01   5.31243499E-02   3.76107775E-02
  3.21070112E-01  -8.64601870E-02  -8.06262658E-02
  2.73861432E-01  -1.67860821E-01  -1.61956296E-01
  2.36975459E-01  -1.99652410E-01  -2.06346780E-01
  2.08328727E-01  -1.97535410E-01  -2.17851465E-01
  1.85575965E-01  -1.75081953E-01  -2.03436068E-01
  1.66922236E-01  -1.42138246E-01  -1.71480985E-01
  1.51167437E-01  -1.05563413E-01  -1.30460561E-01
  1.37605480E-01  -7.01330625E-02  -8.79899523E-02
  1.25994600E-01  -3.91258527E-02  -5.01327129E-02
  1.16685755E-01  -1.45320667E-02  -2.08106266E-02
  1.10983136E-01   3.18303823E-03  -1.18535003E-03
  1.11687665E-01   1.59050304E-02   1.09976889E-02
  1.23137761E-01   2.93866255E-02   2.19060767E-02
  1.49339039E-01   5.46013278E-02   4.13175901E-02
  1.90238744E-01   1.04750303E-01   8.01136105E-02
  2.39240460E-01   1.82189234E-01   1.43867860E-01
  2.86531011E-01   2.66193600E-01   2.24233374E-01
  3.26160726E-01   3.25257795E-01   2.97699636E-01
  3.57663191E-01   3.39241191E-01   3.37014392E-01
  3.82969356E-01   3.04260711E-01   3.23813822E-01
  4.04171906E-01   2.26292762E-01   2.53127536E-01
  4.22925198E-01   1.15392737E-01   1.31889695E-01
  4.40493421E-01  -1.69875360E-02  -2.42840387E-02
  4.57929861E-01  -1.58708940E-01  -1.94166475E-01
  4.76255496E-01  -2.96656835E-01  -3.53503392E-01
  4.96635100E-01  -4.15906782E-01  -4.77374230E-01
  5.20576542E-01  -4.98613083E-01  -5.42850637E-01
  5.50141703E-01  -5.22988571E-01  -5.32363484E-01
  5.87987688E-01  -4.63731990E-01  -4.37749855E-01
  6.36581097E-01  -2.98052459E-01  -2.63542050E-01
  6.95493984E-01  -2.43145804E-02  -2.61434719E-02
  7.58226764E-01   3.11254118E-01   2.50124942E-01
  8.15082576E-01   6.18847387E-01   5.29093014E-01
  8.60817714E-01   8.18376410E-01   7.57355567E-01
  8.96065918E-01   8.78134793E-01   8.80375565E-01
  9.23675147E-01   8.06056833E-01   8.65479109E-01
  9.46317601E-01   6.27667478E-01   7.09691140E-01
  9.65978258E-01   3.72923719E-01   4.35260374E-01
  9.84105124E-01   7.15883414E-02   8.18924840E-02
  1.00185320E+00  -2.47284817E-01  -3.00342998E-01
  1.02029875E+00  -5.54187817E-01  -6.56874071E-01
  1.04063580E+00  -8.17281497E-01  -9.33937834E-01
  1.06439100E+00  -1.00040921E+00  -1.08451592E+00
  1.09365590E+00  -1.06188217E+00  -1.07572466E+00
  1.13116830E+00  -9.56850605E-01  -8.97405786E-01
  1.17958231E+00  -6.50706246E-01  -5.68401689E-01
  1.23874072E+00  -1.53379464E-01  -1.32400554E-01
  1.30223855E+00   4.40319001E-01   3.56382025E-01
  1.36009734E+00   9.71501174E-01   8.33952653E-01
  1.40672635E+00   1.31149503E+00   1.21701150E+00
  1.44263331E+00   1.41702839E+00   1.42373674E+00
  1.47069086E+00   1.30785295E+00   1.40714440E+00
  1.49362802E+00   1.02904219E+00   1.16625474E+00
  1.51347542E+00   6.30454701E-01   7.38631053E-01
  1.53171045E+00   1.60164219E-01   1.88069007E-01
  1.54950491E+00  -3.35860695E-01  -4.06519520E-01
  1.56794303E+00  -8.11718800E-01  -9.60244750E-01
  1.58822067E+00  -1.21865621E+00  -1.39050144E+00
  1.61186291E+00  -1.50220533E+00  -1.62618121E+00
  1.64096196E+00  -1.60077577E+00  -1.61908583E+00
  1.67827277E+00  -1.44996922E+00  -1.35706172E+00
  1.72651062E+00  -1.00336003E+00  -8.73261329E-01
  1.78563457E+00  -2.82444348E-01  -2.38657637E-01
  1.84932102E+00   5.69383885E-01   4.62639107E-01
  1.90751554E+00   1.32415496E+00   1.13881229E+00
  1.95448114E+00   1.80461364E+00   1.67666743E+00
  1.99065145E+00   1.95592200E+00   1.96709791E+00
  2.01889401E+00   1.80964908E+00   1.94880968E+00
  2.04195443E+00   1.43041691E+00   1.62281835E+00
  2.06187955E+00   8.87985684E-01   1.04200173E+00
  2.08015781E+00   2.48740096E-01   2.94245529E-01
  2.09796728E+00  -4.24436572E-01  -5.12696043E-01
  2.11639475E+00  -1.06924978E+00  -1.26361543E+00
  2.13663579E+00  -1.62003093E+00  -1.84706504E+00
  2.16021329E+00  -2.00400145E+00  -2.16784650E+00
  2.18921782E+00  -2.13966938E+00  -2.16244700E+00
  2.22641031E+00  -1.94308784E+00  -1.81671765E+00
  2.27453490E+00  -1.35601382E+00  -1.17812097E+00
  2.33361279E+00  -4.11509232E-01  -3.44914719E-01
  2.39737289E+00   6.98448769E-01   5.68896190E-01
  2.45573041E+00   1.67680875E+00   1.44367193E+00
  2.50287027E+00   2.29773226E+00   2.13632336E+00
  2.53918119E+00   2.49481560E+00   2.51045908E+00
  2.56752410E+00   2.31144520E+00   2.49047497E+00
  2.59065179E+00   1.83179162E+00   2.07938195E+00
  2.61061914E+00   1.14551667E+00   1.34537241E+00
  2.62892025E+00   3.37315974E-01   4.00422052E-01
  2.64673639E+00  -5.13012450E-01  -6.18872566E-01
  2.66515548E+00  -1.32678076E+00  -1.56698611E+00
  2.68537254E+00  -2.02140564E+00  -2.30362865E+00
  2.70890872E+00  -2.50579757E+00  -2.70951179E+00
  2.73785294E+00  -2.67856298E+00  -2.70580817E+00
  2.77496879E+00  -2.43620645E+00  -2.27637358E+00
  2.82301695E+00  -1.70866761E+00  -1.48298061E+00
  2.88205692E+00  -5.40574116E-01  -4.51171802E-01
  2.94585318E+00   8.27513653E-01   6.75153272E-01
  3.00430587E+00   2.02946253E+00   1.74853157E+00
  3.05155177E+00   2.79085087E+00   2.59597929E+00
  3.08794991E+00   3.03370920E+00   3.05382026E+00
  3.11635566E+00   2.81324132E+00   3.03214026E+00
  3.13952562E+00   2.23316634E+00   2.53594555E+00
  3.15951941E+00   1.40304765E+00   1.64874309E+00
  3.17783456E+00   4.25891851E-01   5.06598575E-01
  3.19565422E+00  -6.01588327E-01  -7.25049088E-01
  3.21406694E+00  -1.58431175E+00  -1.87035679E+00
  3.23426722E+00  -2.42278036E+00  -2.76019225E+00
  3.25777486E+00  -3.00759369E+00  -3.25117707E+00
  3.28667741E+00  -3.21745658E+00  -3.24916935E+00
  3.32373981E+00  -2.92932507E+00  -2.73602951E+00
  3.37173337E+00  -2.06132139E+00  -1.78784025E+00
  3.43074352E+00  -6.69638999E-01  -5.57428884E-01
The toroidal mode    4
 Perpend. k-vec  Curvature        Coriolis
  3.77458616E+00  -6.81796290E-01  -5.70500620E-01
  3.68598978E+00  -2.21034762E+00  -1.91961127E+00
  3.61384583E+00  -3.16119106E+00  -2.95490444E+00
  3.55810057E+00  -3.47895087E+00  -3.51535109E+00
  3.51462809E+00  -3.25690023E+00  -3.52260239E+00
  3.47928535E+00  -2.63073375E+00  -2.99887936E+00
  3.44893738E+00  -1.73264016E+00  -2.04710848E+00
  3.42130075E+00  -6.80942797E-01  -8.22132326E-01
  3.39458240E+00   4.17398083E-01   4.94456555E-01
  3.36715143E+00   1.46074402E+00   1.71468794E+00
  3.33723882E+00   2.34631272E+00   2.66250932E+00
  3.30260854E+00   2.96537168E+00   3.19404717E+00
  3.26018547E+00   3.20332980E+00   3.22232745E+00
  3.20584670E+00   2.95347977E+00   2.74482911E+00
  3.13529437E+00   2.16255933E+00   1.86064826E+00
  3.04790396E+00   9.18608270E-01   7.47087202E-01
  2.95232728E+00  -4.88198964E-01  -4.11114996E-01
  2.86366527E+00  -1.68136694E+00  -1.46232181E+00
  2.79137331E+00  -2.42151314E+00  -2.26542054E+00
  2.73547598E+00  -2.67061046E+00  -2.70030933E+00
  2.69188275E+00  -2.50420605E+00  -2.71010446E+00
  2.65645728E+00  -2.02867168E+00  -2.31403396E+00
  2.62606202E+00  -1.34634369E+00  -1.59205247E+00
  2.59841045E+00  -5.48078981E-01  -6.62867542E-01
  2.57170884E+00   2.84534267E-01   3.35191771E-01
  2.54432915E+00   1.07444754E+00   1.25963192E+00
  2.51450969E+00   1.74425065E+00   1.97766392E+00
  2.48002738E+00   2.21267749E+00   2.38154924E+00
  2.43782584E+00   2.39498939E+00   2.40728569E+00
  2.38380044E+00   2.21380185E+00   2.05534521E+00
  2.31364375E+00   1.63357865E+00   1.40335880E+00
  2.22663819E+00   7.25010944E-01   5.87701578E-01
  2.13126126E+00  -2.94601638E-01  -2.51729373E-01
  2.04253260E+00  -1.15238626E+00  -1.00503235E+00
  1.97001289E+00  -1.68183522E+00  -1.57593665E+00
  1.91386535E+00  -1.86227006E+00  -1.88526757E+00
  1.87006883E+00  -1.75151187E+00  -1.89760653E+00
  1.83450444E+00  -1.42660960E+00  -1.62918855E+00
  1.80403352E+00  -9.60047217E-01  -1.13699645E+00
  1.77636636E+00  -4.15215165E-01  -5.03602758E-01
  1.74971016E+00   1.51670451E-01   1.75926987E-01
  1.72244462E+00   6.88151070E-01   8.04575900E-01
  1.69282533E+00   1.14218857E+00   1.29281851E+00
  1.65865939E+00   1.45998331E+00   1.56905131E+00
  1.61693629E+00   1.58664899E+00   1.59224393E+00
  1.56360436E+00   1.47412392E+00   1.36586132E+00
  1.49436495E+00   1.10459797E+00   9.46069340E-01
  1.40833919E+00   5.31413618E-01   4.28315955E-01
  1.31362679E+00  -1.01004312E-01  -9.23437491E-02
  1.22499088E+00  -6.23405582E-01  -5.47742894E-01
  1.15214547E+00  -9.42157292E-01  -8.86452748E-01
  1.09555231E+00  -1.05392966E+00  -1.07022581E+00
  1.05137275E+00  -9.98817686E-01  -1.08510860E+00
  1.01555423E+00  -8.24547531E-01  -9.44343148E-01
  9.84974469E-01  -5.73750744E-01  -6.81940428E-01
  9.57350830E-01  -2.82351349E-01  -3.44337974E-01
  9.30906792E-01   1.88066346E-02   1.66622033E-02
  9.04059005E-01   3.01854596E-01   3.49519881E-01
  8.75133562E-01   5.40126501E-01   6.07973105E-01
  8.42062189E-01   7.07289128E-01   7.56553377E-01
  8.02043414E-01   7.78308588E-01   7.77202175E-01
  7.51342256E-01   7.34446000E-01   6.76377419E-01
  6.86008994E-01   5.75617293E-01   4.88779881E-01
  6.05164003E-01   3.37816293E-01   2.68930331E-01
  5.16002602E-01   9.25930133E-02   6.70418745E-02
  4.31935698E-01  -9.44249018E-02  -9.04534347E-02
  3.62256964E-01  -2.02479369E-01  -1.96968851E-01
  3.08045007E-01  -2.45589255E-01  -2.55184053E-01
  2.66297656E-01  -2.46123504E-01  -2.72610669E-01
  2.33659517E-01  -2.22485458E-01  -2.59497742E-01
  2.07641606E-01  -1.87454270E-01  -2.26884409E-01
  1.86725266E-01  -1.49487532E-01  -1.85073190E-01
  1.70269892E-01  -1.14057181E-01  -1.42602581E-01
  1.58532161E-01  -8.44418772E-02  -1.05536137E-01
  1.52847833E-01  -6.19355715E-02  -7.68723003E-02
  1.55849409E-01  -4.54050548E-02  -5.59445538E-02
  1.71367663E-01  -3.00318145E-02  -3.78395839E-02
  2.03652510E-01  -5.23192330E-03  -1.31064781E-02
  2.55719857E-01   4.66366129E-02   3.14904212E-02
  3.26083163E-01   1.44218967E-01   1.09544707E-01
  4.05221641E-01   2.86190339E-01   2.26427498E-01
  4.79412967E-01   4.34555778E-01   3.66836025E-01
  5.40669585E-01   5.37198554E-01   4.92515046E-01
  5.88940694E-01   5.62751147E-01   5.59857706E-01
  6.27492458E-01   5.06570679E-01   5.39887262E-01
  6.59655753E-01   3.79576615E-01   4.25347664E-01
  6.88010121E-01   1.98842203E-01   2.28171610E-01
  7.14503041E-01  -1.66237163E-02  -2.58084058E-02
  7.40742043E-01  -2.46920998E-01  -3.01867365E-01
  7.68273886E-01  -4.70738351E-01  -5.60592156E-01
  7.98854634E-01  -6.63997644E-01  -7.61717706E-01
  8.34752601E-01  -7.98099237E-01  -8.68442485E-01
  8.79069207E-01  -8.38372217E-01  -8.52881343E-01
  9.35807705E-01  -7.44909846E-01  -7.02590375E-01
  1.00870189E+00  -4.82344067E-01  -4.25799038E-01
  1.09715065E+00  -4.93783589E-02  -4.98409162E-02
  1.19140800E+00   4.79787665E-01   3.85813122E-01
  1.27687419E+00   9.63536459E-01   8.24125484E-01
  1.34562983E+00   1.27687648E+00   1.18199894E+00
  1.39861114E+00   1.37109155E+00   1.37489946E+00
  1.44009780E+00   1.25926486E+00   1.35238519E+00
  1.47410896E+00   9.81638688E-01   1.11019307E+00
  1.50363007E+00   5.85138677E-01   6.83227628E-01
  1.53083814E+00   1.16240100E-01   1.33456378E-01
  1.55746855E+00  -3.79784814E-01  -4.61132149E-01
  1.58513710E+00  -8.57034824E-01  -1.01564817E+00
  1.61563534E+00  -1.26605972E+00  -1.44656311E+00
  1.65125326E+00  -1.55079342E+00  -1.68094042E+00
  1.69512862E+00  -1.64671262E+00  -1.66792310E+00
  1.75137099E+00  -1.48458777E+00  -1.39207427E+00
  1.82397065E+00  -1.01132475E+00  -8.83088498E-01
  1.91270788E+00  -2.42975685E-01  -2.09226540E-01
  2.00798507E+00   6.73384990E-01   5.45198745E-01
  2.09482246E+00   1.49251714E+00   1.28141494E+00
  2.16481368E+00   2.01655440E+00   1.87148284E+00
  2.21871081E+00   2.17943195E+00   2.18994122E+00
  2.26082267E+00   2.01195904E+00   2.16488312E+00
  2.29524536E+00   1.58370076E+00   1.79503848E+00
  2.32502718E+00   9.71435150E-01   1.13828365E+00
  2.35238577E+00   2.49103916E-01   2.92721162E-01
  2.37907972E+00  -5.12648630E-01  -6.20396933E-01
  2.40673577E+00  -1.24333130E+00  -1.47070419E+00
  2.43714770E+00  -1.86812179E+00  -2.13140852E+00
  2.47260294E+00  -2.30348760E+00  -2.49343835E+00
  2.51623964E+00  -2.45505302E+00  -2.48296486E+00
  2.57219112E+00  -2.22426569E+00  -2.08155817E+00
  2.64453416E+00  -1.54030543E+00  -1.34037796E+00
  2.73321530E+00  -4.36573010E-01  -3.68612163E-01
  2.82875549E+00   8.66982316E-01   7.04584369E-01
  2.91606879E+00   2.02149782E+00   1.73870440E+00
  2.98653971E+00   2.75623232E+00   2.56096674E+00
  3.04081317E+00   2.98777235E+00   3.00498298E+00
  3.08318977E+00   2.76465323E+00   2.97738105E+00
  3.11778894E+00   2.18576283E+00   2.47988388E+00
  3.14768200E+00   1.35773162E+00   1.59333967E+00
  3.17510232E+00   3.81967732E-01   4.51985946E-01
  3.20181744E+00  -6.45512446E-01  -7.79661717E-01
  3.22945770E+00  -1.62962777E+00  -1.92576021E+00
  3.25981639E+00  -2.47018386E+00  -2.81625392E+00
  3.29517767E+00  -3.05618179E+00  -3.30593628E+00
  3.33867719E+00  -3.26339342E+00  -3.29800662E+00
  3.39445674E+00  -2.96394362E+00  -2.77104207E+00
  3.46663460E+00  -2.06928611E+00  -1.79766742E+00
  3.55524723E+00  -6.30170336E-01  -5.27997787E-01
The toroidal mode    5
 Perpend. k-vec  Curvature        Coriolis
  3.89991148E+00  -6.42327626E-01  -5.41069523E-01
  3.78169230E+00  -2.21831234E+00  -1.92943844E+00
  3.68529495E+00  -3.19580961E+00  -2.98991699E+00
  3.61075666E+00  -3.52488771E+00  -3.56418836E+00
  3.55262555E+00  -3.30548833E+00  -3.57736160E+00
  3.50538693E+00  -2.67813725E+00  -3.05494104E+00
  3.46485728E+00  -1.77795619E+00  -2.10251191E+00
  3.42798778E+00  -7.24866916E-01  -8.76744954E-01
  3.39238678E+00   3.73473964E-01   4.39843927E-01
  3.35588372E+00   1.41542799E+00   1.65928451E+00
  3.31613018E+00   2.29890922E+00   2.60644765E+00
  3.27016284E+00   2.91678358E+00   3.13928797E+00
  3.21390777E+00   3.15739295E+00   3.17349018E+00
  3.14189337E+00   2.91886122E+00   2.70981656E+00
  3.04837610E+00   2.15459462E+00   1.85082109E+00
  2.93239380E+00   9.58076933E-01   7.76518299E-01
  2.80523900E+00  -3.84197859E-01  -3.28555358E-01
  2.68693207E+00  -1.51300476E+00  -1.31971916E+00
  2.59022645E+00  -2.20957238E+00  -2.07060513E+00
  2.51534834E+00  -2.44710051E+00  -2.47746602E+00
  2.45694083E+00  -2.30189608E+00  -2.49403102E+00
  2.40951338E+00  -1.87538782E+00  -2.14181383E+00
  2.36888117E+00  -1.26289422E+00  -1.49577055E+00
  2.33199120E+00  -5.47715161E-01  -6.64391909E-01
  2.29645319E+00   1.96322209E-01   2.27490882E-01
  2.26010740E+00   9.00366027E-01   1.05254315E+00
  2.22062920E+00   1.49615978E+00   1.69332044E+00
  2.17509700E+00   1.91319134E+00   2.05595739E+00
  2.11950029E+00   2.07960575E+00   2.08676783E+00
  2.04844128E+00   1.93262399E+00   1.79050469E+00
  1.95619055E+00   1.44928705E+00   1.24110181E+00
  1.84156701E+00   6.99947165E-01   5.64004134E-01
  1.71534381E+00  -1.26068091E-01  -1.16041193E-01
  1.59718300E+00  -8.07697190E-01  -7.09999883E-01
  1.50004319E+00  -1.22333515E+00  -1.15129327E+00
  1.42456072E+00  -1.36931330E+00  -1.39074367E+00
  1.36563191E+00  -1.29830384E+00  -1.41070045E+00
  1.31785973E+00  -1.07263839E+00  -1.22868662E+00
  1.27708353E+00  -7.47832259E-01  -8.89029192E-01
  1.24026125E+00  -3.70563406E-01  -4.52038864E-01
  1.20502647E+00   1.91704544E-02   1.51378362E-02
  1.16927228E+00   3.85304063E-01   4.45801797E-01
  1.13077454E+00   6.93410354E-01   7.80193234E-01
  1.08678943E+00   9.09599096E-01   9.72626817E-01
  1.03360635E+00   1.00181854E+00   1.00004549E+00
  9.66287594E-01   9.46386758E-01   8.71192830E-01
  8.79629717E-01   7.43979472E-01   6.31382532E-01
  7.72519929E-01   4.41817398E-01   3.51489969E-01
  6.54542052E-01   1.32061677E-01   9.64729715E-02
  5.43475357E-01  -1.02389617E-01  -1.00280604E-01
  4.51628636E-01  -2.37097918E-01  -2.31981406E-01
  3.80462225E-01  -2.91526100E-01  -3.04021326E-01
  3.26075294E-01  -2.94711597E-01  -3.27369872E-01
  2.84141068E-01  -2.69888963E-01  -3.15559416E-01
  2.51533303E-01  -2.32770295E-01  -2.82287833E-01
  2.26484692E-01  -1.93411651E-01  -2.39685818E-01
  2.08477010E-01  -1.57981300E-01  -1.97215209E-01
  1.98222641E-01  -1.29757902E-01  -1.60939562E-01
  1.97712923E-01  -1.09339076E-01  -1.32933974E-01
  2.10137795E-01  -9.39931479E-02  -1.10703757E-01
  2.39551742E-01  -7.59686595E-02  -8.66768566E-02
  2.90334417E-01  -3.98504721E-02  -4.81190329E-02
  3.65783717E-01   3.86718981E-02   2.16632523E-02
  4.63882912E-01   1.83687630E-01   1.38975804E-01
  5.72213699E-01   3.90191444E-01   3.08987136E-01
  6.72844492E-01   6.02917957E-01   5.09438676E-01
  7.55506188E-01   7.49139312E-01   6.87330457E-01
  8.20434090E-01   7.86261103E-01   7.82701019E-01
  8.72170859E-01   7.08880647E-01   7.55960702E-01
  9.15259714E-01   5.32860468E-01   5.97567792E-01
  9.53193577E-01   2.82291670E-01   3.24453525E-01
  9.88597484E-01  -1.62598966E-02  -2.73327729E-02
  1.02363023E+00  -3.35133055E-01  -4.09568255E-01
  1.06036271E+00  -6.44819866E-01  -7.67680920E-01
  1.10114125E+00  -9.12088507E-01  -1.04606118E+00
  1.14899384E+00  -1.09758539E+00  -1.19403433E+00
  1.20806056E+00  -1.15375586E+00  -1.17339920E+00
  1.28368951E+00  -1.02608770E+00  -9.67430896E-01
  1.38087992E+00  -6.66635676E-01  -5.88056027E-01
  1.49885623E+00  -7.44421375E-02  -7.35383604E-02
  1.62462736E+00   6.48321212E-01   5.21501301E-01
  1.73869384E+00   1.30822553E+00   1.11915796E+00
  1.83046254E+00   1.73537654E+00   1.60664232E+00
  1.90117201E+00   1.86404831E+00   1.86942336E+00
  1.95653296E+00   1.71247289E+00   1.83929128E+00
  2.00191080E+00   1.33560990E+00   1.51069500E+00
  2.04129109E+00   7.97353634E-01   9.31194883E-01
  2.07757960E+00   1.60891858E-01   1.85020272E-01
  2.11309190E+00  -5.12284810E-01  -6.21921300E-01
  2.14998332E+00  -1.15988183E+00  -1.37442228E+00
  2.19064284E+00  -1.71483794E+00  -1.95918839E+00
  2.23812379E+00  -2.10117763E+00  -2.27736491E+00
  2.29661009E+00  -2.23154307E+00  -2.26012155E+00
  2.37158297E+00  -2.01232493E+00  -1.88674276E+00
  2.46836855E+00  -1.37194325E+00  -1.19777531E+00
  2.58668416E+00  -3.32571905E-01  -2.86052525E-01
  2.71373947E+00   9.06450979E-01   7.34015466E-01
  2.82955388E+00   2.01353310E+00   1.72887723E+00
  2.92290590E+00   2.72161377E+00   2.52595418E+00
  2.99479219E+00   2.94183551E+00   2.95614571E+00
  3.05095769E+00   2.71606513E+00   2.92262185E+00
  3.09686547E+00   2.13835933E+00   2.42382221E+00
  3.13658141E+00   1.31241560E+00   1.53793624E+00
  3.17306339E+00   3.38043613E-01   3.97373318E-01
  3.20865676E+00  -6.89436565E-01  -8.34274345E-01
  3.24553074E+00  -1.67494380E+00  -1.98116364E+00
  3.28607705E+00  -2.51758737E+00  -2.87231560E+00
  3.33334542E+00  -3.10476988E+00  -3.36069548E+00
  3.39151999E+00  -3.30933027E+00  -3.34684389E+00
  3.46611239E+00  -2.99856216E+00  -2.80605462E+00
  3.56256081E+00  -2.07725082E+00  -1.80749459E+00
  3.68079913E+00  -5.90701673E-01  -4.98566690E-01
The toroidal mode    6
 Perpend. k-vec  Curvature        Coriolis
  4.02614408E+00  -6.02858963E-01  -5.11638426E-01
  3.87829696E+00  -2.22627705E+00  -1.93926561E+00
  3.75758224E+00  -3.23042816E+00  -3.02492955E+00
  3.66417428E+00  -3.57082456E+00  -3.61302563E+00
  3.59132052E+00  -3.35407642E+00  -3.63212080E+00
  3.53214233E+00  -2.72554076E+00  -3.11100271E+00
  3.48140846E+00  -1.82327221E+00  -2.15791533E+00
  3.43530435E+00  -7.68791035E-01  -9.31357583E-01
  3.39084070E+00   3.29549845E-01   3.85231298E-01
  3.34531080E+00   1.37011197E+00   1.60388109E+00
  3.29579380E+00   2.25150571E+00   2.55038598E+00
  3.23861142E+00   2.86819549E+00   3.08452876E+00
  3.16870991E+00   3.11145611E+00   3.12465291E+00
  3.07929264E+00   2.88424267E+00   2.67480400E+00
  2.96318030E+00   2.14662990E+00   1.84099392E+00
  2.81901861E+00   9.97545596E-01   8.05949396E-01
  2.66059216E+00  -2.80196753E-01  -2.45995720E-01
  2.51272268E+00  -1.34464259E+00  -1.17711651E+00
  2.39150671E+00  -1.99763162E+00  -1.87578972E+00
  2.29748962E+00  -2.22359055E+00  -2.25462270E+00
  2.22412628E+00  -2.09958612E+00  -2.27795758E+00
  2.16460343E+00  -1.72210397E+00  -1.96959370E+00
  2.11369869E+00  -1.17944476E+00  -1.39948863E+00
  2.06759747E+00  -5.47351341E-01  -6.65916276E-01
  2.02332133E+00   1.08110151E-01   1.19789992E-01
  1.97819588E+00   7.26284512E-01   8.45454391E-01
  1.92936521E+00   1.24806892E+00   1.40897697E+00
  1.87326483E+00   1.61370519E+00   1.73036554E+00
  1.80502326E+00   1.76422210E+00   1.76624997E+00
  1.71809050E+00   1.65144613E+00   1.52566417E+00
  1.60546609E+00   1.26499544E+00   1.07884482E+00
  1.46547714E+00   6.74883387E-01   5.40306690E-01
  1.31070594E+00   4.24654561E-02   1.96469861E-02
  1.16475240E+00  -4.63008118E-01  -4.14967412E-01
  1.04377645E+00  -7.64835082E-01  -7.26649892E-01
  9.49225380E-01  -8.76356547E-01  -8.96219771E-01
  8.75315512E-01  -8.45095811E-01  -9.23794363E-01
  8.15641731E-01  -7.18667183E-01  -8.28184693E-01
  7.65195594E-01  -5.35617302E-01  -6.41061937E-01
  7.20338469E-01  -3.25911648E-01  -4.00474969E-01
  6.78338132E-01  -1.13329542E-01  -1.45651315E-01
  6.36944576E-01   8.24570559E-02   8.70276931E-02
  5.94077717E-01   2.44632134E-01   2.67567956E-01
  5.47652458E-01   3.59214881E-01   3.76202326E-01
  4.95762356E-01   4.16988097E-01   4.07847043E-01
  4.38077225E-01   4.18649594E-01   3.76524344E-01
  3.80644355E-01   3.83360970E-01   3.16695723E-01
  3.44478587E-01   3.52221177E-01   2.74663984E-01
  3.56979464E-01   3.65127666E-01   2.85289692E-01
  4.12075121E-01   4.18626349E-01   3.47181687E-01
  4.79498820E-01   4.67961456E-01   4.22489937E-01
  5.42110680E-01   4.70877457E-01   4.62183160E-01
  5.96574942E-01   4.09394493E-01   4.30368855E-01
  6.44453051E-01   2.84769606E-01   3.13224317E-01
  6.88194264E-01   1.08210154E-01   1.17364761E-01
  7.30137395E-01  -1.04471954E-01  -1.35033663E-01
  7.72490072E-01  -3.34769236E-01  -4.11092622E-01
  8.17571245E-01  -5.61370400E-01  -6.71399005E-01
  8.68154034E-01  -7.58804654E-01  -8.73841053E-01
  9.27906350E-01  -8.95275424E-01  -9.77960892E-01
  1.00186653E+00  -9.30245907E-01  -9.50555888E-01
  1.09648220E+00  -8.14146944E-01  -7.72615485E-01
  1.21759754E+00  -4.98273497E-01  -4.45453376E-01
  1.36381546E+00   2.95589677E-02   9.02127782E-03
  1.51894815E+00   6.87789875E-01   5.50932398E-01
  1.65929158E+00   1.30026082E+00   1.10933079E+00
  1.77218899E+00   1.70075799E+00   1.57162977E+00
  1.85930741E+00   1.81811146E+00   1.82058609E+00
  1.92766983E+00   1.66388480E+00   1.78453207E+00
  1.98384801E+00   1.28820639E+00   1.45463333E+00
  2.03272804E+00   7.52037610E-01   8.75791459E-01
  2.07788320E+00   1.16967739E-01   1.30407644E-01
  2.12217438E+00  -5.56208929E-01  -6.76533928E-01
  2.16827857E+00  -1.20519786E+00  -1.42982570E+00
  2.21917539E+00  -1.76224144E+00  -2.01525006E+00
  2.27867989E+00  -2.14976573E+00  -2.33212411E+00
  2.35201566E+00  -2.27747991E+00  -2.30895882E+00
  2.44600075E+00  -2.04694348E+00  -1.92175531E+00
  2.56719346E+00  -1.37990796E+00  -1.20760248E+00
  2.71506991E+00  -2.93103242E-01  -2.56621428E-01
The toroidal mode    7
 Perpend. k-vec  Curvature        Coriolis
  4.15320122E+00  -5.63390300E-01  -4.82207329E-01
  3.97573798E+00  -2.23424177E+00  -1.94909278E+00
  3.83066025E+00  -3.26504671E+00  -3.05994210E+00
  3.71832059E+00  -3.61676140E+00  -3.66186291E+00
  3.63069069E+00  -3.40266451E+00  -3.68688000E+00
  3.55953684E+00  -2.77294426E+00  -3.16706439E+00
  3.49858195E+00  -1.86858824E+00  -2.21331876E+00
  3.44324642E+00  -8.12715154E-01  -9.85970211E-01
  3.38994507E+00   2.85625726E-01   3.30618670E-01
  3.33543926E+00   1.32479594E+00   1.54847766E+00
  3.27624408E+00   2.20410221E+00   2.49432430E+00
  3.20798066E+00   2.81960740E+00   3.02976956E+00
  3.12463874E+00   3.06551926E+00   3.07581563E+00
  3.01812867E+00   2.84962412E+00   2.63979145E+00
  2.87985985E+00   2.13866519E+00   1.83116675E+00
  2.70804655E+00   1.03701426E+00   8.35380493E-01
  2.51880743E+00  -1.76195648E-01  -1.63436082E-01
  2.34160047E+00  -1.17628041E+00  -1.03451386E+00
  2.19587314E+00  -1.78569086E+00  -1.68097431E+00
  2.08261195E+00  -2.00008060E+00  -2.03177939E+00
  1.99418433E+00  -1.89727615E+00  -2.06188414E+00
  1.92250491E+00  -1.56882012E+00  -1.79737357E+00
  1.86133665E+00  -1.09599529E+00  -1.30320672E+00
  1.80611901E+00  -5.46987522E-01  -6.67440643E-01
  1.75330609E+00   1.98980938E-02   1.20891020E-02
  1.69974447E+00   5.52202996E-01   6.38365627E-01
  1.64211060E+00   9.99978060E-01   1.12463349E+00
  1.57631159E+00   1.31421903E+00   1.40477370E+00
  1.49682241E+00   1.44883846E+00   1.44573212E+00
  1.39630742E+00   1.37026828E+00   1.26082365E+00
  1.26707027E+00   1.08070383E+00   9.16587833E-01
  1.10755598E+00   6.49819608E-01   5.16609246E-01
  9.32154253E-01   2.10999003E-01   1.55335165E-01
  7.67400321E-01  -1.18319046E-01  -1.19934941E-01
  6.31640669E-01  -3.06335016E-01  -3.02006515E-01
  5.27112247E-01  -3.83399790E-01  -4.01695871E-01
  4.48149113E-01  -3.91887783E-01  -4.36888280E-01
  3.88533184E-01  -3.64695972E-01  -4.27682763E-01
  3.43922697E-01  -3.23402344E-01  -3.93094682E-01
  3.12083445E-01  -2.81259889E-01  -3.48911075E-01
  2.92655256E-01  -2.45829538E-01  -3.06440466E-01
  2.86910509E-01  -2.20389951E-01  -2.71746410E-01
  2.97471705E-01  -2.04146086E-01  -2.45057321E-01
  3.28004301E-01  -1.91169334E-01  -2.20222165E-01
  3.83141774E-01  -1.67842349E-01  -1.84351402E-01
  4.68463881E-01  -1.09087570E-01  -1.18144143E-01
  5.88686375E-01   2.27424685E-02   2.00891442E-03
  7.40982212E-01   2.62624957E-01   1.97837998E-01
  9.06996401E-01   5.98193655E-01   4.74106413E-01
  1.06015281E+00   9.39642314E-01   7.94643978E-01
  1.18544981E+00   1.17302083E+00   1.07696128E+00
  1.28360131E+00   1.23328102E+00   1.22838765E+00
  1.36165868E+00   1.11350058E+00   1.18810758E+00
  1.42656972E+00   8.39428174E-01   9.42008049E-01
  1.48364475E+00   4.49190603E-01   5.17017355E-01
  1.53685930E+00  -1.55322572E-02  -3.03815071E-02
  1.58947230E+00  -5.11557171E-01  -6.24970034E-01
  1.64460155E+00  -9.92982898E-01  -1.18185845E+00
  1.70577309E+00  -1.40827023E+00  -1.61474813E+00
  1.77753358E+00  -1.69655770E+00  -1.84521803E+00
  1.86609972E+00  -1.78452315E+00  -1.81443492E+00
  1.97950818E+00  -1.58844342E+00  -1.49711194E+00
  2.12528738E+00  -1.03521889E+00  -9.12570005E-01
  2.30231172E+00  -1.24569695E-01  -1.20933249E-01
  2.49110089E+00   9.85388306E-01   7.92877660E-01
  2.66235891E+00   1.99760367E+00   1.70922290E+00
  2.80014692E+00   2.65237668E+00   2.45592907E+00
  2.90630824E+00   2.84996182E+00   2.85847116E+00
  2.98941488E+00   2.61888895E+00   2.81310344E+00
  3.05752424E+00   2.04355232E+00   2.31169886E+00
  3.11662171E+00   1.22178355E+00   1.42712939E+00
  3.17107035E+00   2.50195375E-01   2.88148061E-01
  3.22434606E+00  -7.77284803E-01  -9.43499602E-01
  3.27968308E+00  -1.76557584E+00  -2.09197049E+00
  3.34066527E+00  -2.61239438E+00  -2.98443894E+00
  3.41187261E+00  -3.20194606E+00  -3.47021389E+00
  3.49958125E+00  -3.40120396E+00  -3.44451844E+00
  3.61201565E+00  -3.06779926E+00  -2.87607973E+00
  3.75717334E+00  -2.09318025E+00  -1.82714892E+00
  3.93464536E+00  -5.11764346E-01  -4.39704496E-01
The toroidal mode    8
 Perpend. k-vec  Curvature        Coriolis
  4.28100950E+00  -5.23921636E-01  -4.52776232E-01
  4.07395536E+00  -2.24220648E+00  -1.95891995E+00
  3.90448460E+00  -3.29966526E+00  -3.09495466E+00
  3.77316423E+00  -3.66269825E+00  -3.71070018E+00
  3.67071434E+00  -3.45125261E+00  -3.74163921E+00
  3.58755579E+00  -2.82034777E+00  -3.22312606E+00
  3.51636865E+00  -1.91390426E+00  -2.26872218E+00
  3.45180969E+00  -8.56639273E-01  -1.04058284E+00
  3.38970039E+00   2.41701607E-01   2.76006042E-01
  3.32627536E+00   1.27947992E+00   1.49307424E+00
  3.25749517E+00   2.15669870E+00   2.43826263E+00
  3.17829718E+00   2.77101930E+00   2.97501035E+00
  3.08174259E+00   3.01958242E+00   3.02697836E+00
  2.95849057E+00   2.81500557E+00   2.60477889E+00
  2.79858224E+00   2.13070047E+00   1.82133958E+00
  2.59978537E+00   1.07648292E+00   8.64811590E-01
  2.38039627E+00  -7.21945429E-02  -8.08764436E-02
  2.17429445E+00  -1.00791823E+00  -8.91911210E-01
  2.00422967E+00  -1.57375010E+00  -1.48615890E+00
  1.87174232E+00  -1.77657064E+00  -1.80893608E+00
  1.76823599E+00  -1.69496618E+00  -1.84581070E+00
  1.68443051E+00  -1.41553627E+00  -1.62515345E+00
  1.61311934E+00  -1.01254582E+00  -1.20692480E+00
  1.54903283E+00  -5.46623702E-01  -6.68965010E-01
  1.48810494E+00  -6.83139639E-02  -9.56117878E-02
  1.42678044E+00   3.78121480E-01   4.31276863E-01
  1.36140566E+00   7.51887197E-01   8.40290015E-01
  1.28761731E+00   1.01473288E+00   1.07918185E+00
  1.19974436E+00   1.13345481E+00   1.12521426E+00
  1.09070162E+00   1.08909042E+00   9.95983131E-01
  9.54210983E-01   8.96412221E-01   7.54330845E-01
  7.92805170E-01   6.24755830E-01   4.92911802E-01
  6.28720027E-01   3.79532550E-01   2.91023345E-01
  4.97753808E-01   2.26370026E-01   1.75097529E-01
  4.22648219E-01   1.52165051E-01   1.22636862E-01
  3.99785863E-01   1.09556967E-01   9.28280285E-02
  4.11012967E-01   6.13202460E-02   5.00178036E-02
  4.40243206E-01  -1.07247618E-02  -2.71808327E-02
  4.78767066E-01  -1.11187386E-01  -1.45127427E-01
  5.23233857E-01  -2.36608131E-01  -2.97347181E-01
  5.73238372E-01  -3.78329535E-01  -4.67229617E-01
  6.30123333E-01  -5.23236958E-01  -6.30520514E-01
  6.96659391E-01  -6.52924306E-01  -7.57682599E-01
  7.77240045E-01  -7.41553549E-01  -8.16646656E-01
  8.78290391E-01  -7.52672796E-01  -7.76549848E-01
  1.00814283E+00  -6.36824734E-01  -6.12812629E-01
  1.17419462E+00  -3.37876033E-01  -3.12677894E-01
  1.37402855E+00   1.73028736E-01   1.21012013E-01
  1.58557551E+00   8.31259644E-01   6.62923133E-01
  1.77699738E+00   1.46065828E+00   1.24210627E+00
  1.93134275E+00   1.87808020E+00   1.73143262E+00
  2.05085263E+00   1.99568457E+00   1.99459213E+00
  2.14498558E+00   1.81760667E+00   1.94584631E+00
  2.22262916E+00   1.39408674E+00   1.57079178E+00
  2.29042358E+00   7.90171052E-01   9.16669950E-01
  2.35325370E+00   7.34074400E-02   7.42706485E-02
  2.41505829E+00  -6.88345106E-01  -8.38847447E-01
  2.47954971E+00  -1.42459540E+00  -1.69231789E+00
  2.55088252E+00  -2.05773581E+00  -2.35565521E+00
  2.63438877E+00  -2.49783997E+00  -2.71247516E+00
  2.73736367E+00  -2.63880040E+00  -2.67831395E+00
  2.86929125E+00  -2.36273989E+00  -2.22160839E+00
  3.03919492E+00  -1.57216429E+00  -1.37968663E+00
  3.24609415E+00  -2.78698357E-01  -2.50887775E-01
The toroidal mode    9
 Perpend. k-vec  Curvature        Coriolis
  4.40950359E+00  -4.84452973E-01  -4.23345135E-01
  4.17289428E+00  -2.25017120E+00  -1.96874712E+00
  3.97901373E+00  -3.33428381E+00  -3.12996721E+00
  3.82867523E+00  -3.70863509E+00  -3.75953745E+00
  3.71137033E+00  -3.49984070E+00  -3.79639841E+00
  3.61618468E+00  -2.86775127E+00  -3.27918773E+00
  3.53475929E+00  -1.95922029E+00  -2.32412561E+00
  3.46098954E+00  -9.00563392E-01  -1.09519547E+00
  3.39010681E+00   1.97777488E-01   2.21393413E-01
  3.31782496E+00   1.23416389E+00   1.43767082E+00
  3.23956098E+00   2.10929520E+00   2.38220095E+00
  3.14958776E+00   2.72243121E+00   2.92025115E+00
  3.04007122E+00   2.97364557E+00   2.97814109E+00
  2.90047247E+00   2.78038702E+00   2.56976634E+00
  2.71953065E+00   2.12273576E+00   1.81151241E+00
  2.49458805E+00   1.11595159E+00   8.94242687E-01
  2.24598249E+00   3.18065623E-02   1.68319463E-03
  2.01175698E+00  -8.39556050E-01  -7.49308559E-01
  1.81783869E+00  -1.36180934E+00  -1.29134349E+00
  1.66640298E+00  -1.55306068E+00  -1.58609276E+00
  1.54803097E+00  -1.49265621E+00  -1.62973726E+00
  1.45236048E+00  -1.26225241E+00  -1.45293332E+00
  1.37129929E+00  -9.29096358E-01  -1.11064289E+00
  1.29894949E+00  -5.46259882E-01  -6.70489377E-01
  1.23083364E+00  -1.56526022E-01  -2.03312678E-01
  1.16317343E+00   2.04039965E-01   2.24188099E-01
  1.09231156E+00   5.03796335E-01   5.55946539E-01
  1.01425904E+00   7.15246723E-01   7.53590002E-01
  9.24573739E-01   8.18071164E-01   8.04696397E-01
  8.19574156E-01   8.07912563E-01   7.31142611E-01
  7.01908784E-01   7.12120613E-01   5.92073856E-01
  5.94308510E-01   5.99692051E-01   4.69214357E-01
  5.45052313E-01   5.48066098E-01   4.26711524E-01
  5.77247736E-01   5.71059098E-01   4.70130000E-01
  6.54564003E-01   6.10665117E-01   5.47280238E-01
  7.39576276E-01   6.02513723E-01   5.87351928E-01
  8.18815815E-01   5.14528275E-01   5.36923887E-01
  8.90976750E-01   3.43246449E-01   3.73321097E-01
  9.58295125E-01   1.01027572E-01   1.02839827E-01
  1.02372862E+00  -1.91956373E-01  -2.45783287E-01
  1.09041644E+00  -5.10829531E-01  -6.28018768E-01
  1.16185701E+00  -8.26083965E-01  -9.89294617E-01
  1.24236187E+00  -1.10170253E+00  -1.27030788E+00
  1.33771036E+00  -1.29193776E+00  -1.41307115E+00
  1.45587413E+00  -1.33750324E+00  -1.36874829E+00
  1.60704460E+00  -1.16456190E+00  -1.10748112E+00
  1.80039835E+00  -6.98494535E-01  -6.27364703E-01
  2.03355968E+00   8.34325158E-02   4.41860276E-02
  2.28071393E+00   1.06432563E+00   8.51739854E-01
  2.50423502E+00   1.98167425E+00   1.68956856E+00
  2.68408268E+00   2.58313958E+00   2.38590396E+00
  2.82293757E+00   2.75808813E+00   2.76079662E+00
  2.93197000E+00   2.52171276E+00   2.70358504E+00
  3.02163159E+00   1.94874531E+00   2.19957551E+00
  3.09969783E+00   1.13115150E+00   1.31632254E+00
  3.17186067E+00   1.62347137E-01   1.78922804E-01
  3.24268313E+00  -8.65133041E-01  -1.05272486E+00
  3.31644091E+00  -1.85620789E+00  -2.20277733E+00
  3.39789799E+00  -2.70720139E+00  -3.09656229E+00
  3.49315701E+00  -3.29912225E+00  -3.57973230E+00
  3.61057221E+00  -3.49307765E+00  -3.54219298E+00
  3.76103871E+00  -3.13703636E+00  -2.94610484E+00
  3.95501223E+00  -2.10910968E+00  -1.84680326E+00
  4.19159357E+00  -4.32827019E-01  -3.80842302E-01
The toroidal mode   10
 Perpend. k-vec  Curvature        Coriolis
  4.53862525E+00  -4.44984310E-01  -3.93914038E-01
  4.27250460E+00  -2.25813591E+00  -1.97857429E+00
  4.05420879E+00  -3.36890235E+00  -3.16497977E+00
  3.88482498E+00  -3.75457194E+00  -3.80837472E+00
  3.75263811E+00  -3.54842879E+00  -3.85115761E+00
  3.64540914E+00  -2.91515478E+00  -3.33524941E+00
  3.55374450E+00  -2.00453631E+00  -2.37952903E+00
  3.47078108E+00  -9.44487511E-01  -1.14980810E+00
  3.39116409E+00   1.53853369E-01   1.66780785E-01
  3.31009352E+00   1.18884787E+00   1.38226739E+00
  3.22245512E+00   2.06189169E+00   2.32613928E+00
  3.12187929E+00   2.67384312E+00   2.86549195E+00
  2.99967565E+00   2.92770873E+00   2.92930381E+00
  2.84417350E+00   2.74576848E+00   2.53475378E+00
  2.64290484E+00   2.11477105E+00   1.80168525E+00
  2.39285870E+00   1.15542025E+00   9.23673784E-01
  2.11632786E+00   1.35807668E-01   8.42428328E-02
  1.85524178E+00  -6.71193871E-01  -6.06705908E-01
  1.63849372E+00  -1.14986859E+00  -1.09652808E+00
  1.46891498E+00  -1.32955073E+00  -1.36324945E+00
  1.33641132E+00  -1.29034624E+00  -1.41366382E+00
  1.22969901E+00  -1.10896856E+00  -1.28071319E+00
  1.13995498E+00  -8.45646891E-01  -1.01436097E+00
  1.06083322E+00  -5.45896062E-01  -6.72013745E-01
  9.87708283E-01  -2.44738079E-01  -3.11013567E-01
  9.17028519E-01   2.99584488E-02   1.70993351E-02
  8.45981527E-01   2.55705472E-01   2.71603063E-01
  7.72688443E-01   4.15760569E-01   4.27998155E-01
  6.97730265E-01   5.02687518E-01   4.84178538E-01
  6.29197678E-01   5.26734707E-01   4.66302090E-01
  5.93244551E-01   5.27829004E-01   4.29816867E-01
  6.32983380E-01   5.74628273E-01   4.45516913E-01
  7.57819904E-01   7.16599645E-01   5.62399704E-01
  9.19386502E-01   9.15748170E-01   7.65162471E-01
  1.07165176E+00   1.06916518E+00   9.71923615E-01
  1.19970009E+00   1.09547048E+00   1.08187583E+00
  1.30591756E+00   9.67736303E-01   1.02382997E+00
  1.39679437E+00   6.97217659E-01   7.73823028E-01
  1.47838349E+00   3.13242529E-01   3.50807082E-01
  1.55567861E+00  -1.47304614E-01  -1.94219392E-01
  1.63305372E+00  -6.43329528E-01  -7.88807919E-01
  1.71490132E+00  -1.12893097E+00  -1.34806872E+00
  1.80634313E+00  -1.55048075E+00  -1.78293315E+00
  1.91407617E+00  -1.84232198E+00  -2.00949564E+00
  2.04727234E+00  -1.92233369E+00  -1.96094674E+00
  2.21769690E+00  -1.69229906E+00  -1.60214960E+00
  2.43611478E+00  -1.05911304E+00  -9.42051511E-01
  2.70023817E+00  -6.16370463E-03  -3.26399578E-02
The toroidal mode   11
 Perpend. k-vec  Curvature        Coriolis
  4.66832241E+00  -4.05515646E-01  -3.64482941E-01
  4.37274046E+00  -2.26610063E+00  -1.98840146E+00
  4.13003339E+00  -3.40352090E+00  -3.19999232E+00
  3.94158619E+00  -3.80050878E+00  -3.85721200E+00
  3.79449771E+00  -3.59701689E+00  -3.90591682E+00
  3.67521496E+00  -2.96255828E+00  -3.39131108E+00
  3.57331480E+00  -2.04985234E+00  -2.43493245E+00
  3.48117916E+00  -9.88411630E-01  -1.20442073E+00
  3.39287162E+00   1.09929250E-01   1.12168156E-01
  3.30308608E+00   1.14353184E+00   1.32686397E+00
  3.20619083E+00   2.01448819E+00   2.27007761E+00
  3.09519863E+00   2.62525502E+00   2.81073274E+00
  2.96060812E+00   2.88177188E+00   2.88046654E+00
  2.78969776E+00   2.71114993E+00   2.49974123E+00
  2.56892187E+00   2.10680633E+00   1.79185808E+00
  2.29505853E+00   1.19488891E+00   9.53104881E-01
  1.99236172E+00   2.39808773E-01   1.66802471E-01
  1.70640679E+00  -5.02831692E-01  -4.64103257E-01
  1.46877808E+00  -9.37927826E-01  -9.01712666E-01
  1.28290932E+00  -1.10604077E+00  -1.14040613E+00
  1.13817595E+00  -1.08803628E+00  -1.19759038E+00
  1.02261047E+00  -9.55684707E-01  -1.10849306E+00
  9.26963231E-01  -7.62197424E-01  -9.18079059E-01
  8.44863714E-01  -5.45532243E-01  -6.73538112E-01
  7.72207821E-01  -3.32950137E-01  -4.18714457E-01
  7.06830265E-01  -1.44123067E-01  -1.89989429E-01
  6.48880559E-01   7.61460969E-03  -1.27404123E-02
  6.02442059E-01   1.16274415E-01   1.02406307E-01
  5.79102155E-01   1.87303873E-01   1.63660679E-01
  6.01825387E-01   2.45556850E-01   2.01461570E-01
  6.98790433E-01   3.43537396E-01   2.67559878E-01
  8.78029668E-01   5.49564494E-01   4.21819469E-01
  1.10766232E+00   8.85133192E-01   6.98087883E-01
  1.33563791E+00   1.26043724E+00   1.06019494E+00
  1.52924225E+00   1.52766525E+00   1.39656699E+00
  1.68426556E+00   1.58842724E+00   1.57639973E+00
  1.80936885E+00   1.42094433E+00   1.51073605E+00
  1.91452315E+00   1.05118887E+00   1.17432496E+00
  2.00775559E+00   5.25457487E-01   5.98774337E-01
  2.09526146E+00  -1.02652856E-01  -1.42655498E-01
  2.18224003E+00  -7.75829524E-01  -9.49597071E-01
  2.27375898E+00  -1.43177798E+00  -1.70684282E+00
  2.37562031E+00  -1.99925897E+00  -2.29555843E+00
  2.49534724E+00  -2.39270619E+00  -2.60592013E+00
  2.64322865E+00  -2.50716414E+00  -2.55314518E+00
  2.83251011E+00  -2.22003623E+00  -2.09681809E+00
  3.07545055E+00  -1.41973154E+00  -1.25673832E+00
  3.36982463E+00  -9.57599251E-02  -1.09465943E-01
The toroidal mode   12
 Perpend. k-vec  Curvature        Coriolis
  4.79854840E+00  -3.66046983E-01  -3.35051844E-01
  4.47355980E+00  -2.27406534E+00  -1.99822862E+00
  4.20645349E+00  -3.43813945E+00  -3.23500488E+00
  3.99893282E+00  -3.84644562E+00  -3.90604927E+00
  3.83692977E+00  -3.64560498E+00  -3.96067602E+00
  3.70558811E+00  -3.00996179E+00  -3.44737275E+00
  3.59346063E+00  -2.09516836E+00  -2.49033588E+00
  3.49217834E+00  -1.03233575E+00  -1.25903335E+00
  3.39522842E+00   6.60051311E-02   5.75555279E-02
  3.29680728E+00   1.09821582E+00   1.27146054E+00
  3.19078099E+00   1.96708468E+00   2.21401593E+00
  3.06957259E+00   2.57666693E+00   2.75597354E+00
  2.92292187E+00   2.83583504E+00   2.83162927E+00
  2.73715409E+00   2.67653138E+00   2.46472867E+00
  2.49781659E+00   2.09884162E+00   1.78203091E+00
  2.20171121E+00   1.23435758E+00   9.82535978E-01
  1.87521258E+00   3.43809878E-01   2.49362109E-01
  1.56744133E+00  -3.34469514E-01  -3.21500606E-01
  1.31243273E+00  -7.25987067E-01  -7.06897255E-01
  1.11415178E+00  -8.82530816E-01  -9.17562821E-01
  9.61638055E-01  -8.85726309E-01  -9.81516942E-01
  8.42655658E-01  -8.02400854E-01  -9.36272933E-01
  7.48165869E-01  -6.78747958E-01  -8.21797144E-01
  6.72720239E-01  -5.45168423E-01  -6.75062479E-01
  6.14136179E-01  -4.21162195E-01  -5.26415347E-01
  5.73563937E-01  -3.18204583E-01  -3.97078193E-01
  5.56082950E-01  -2.40476253E-01  -2.97083888E-01
  5.71304131E-01  -1.83211738E-01  -2.23185540E-01
  6.32796923E-01  -1.28079773E-01  -1.56857180E-01
  7.55389987E-01  -3.56210059E-02  -6.33789508E-02
  9.49622482E-01   1.59245788E-01   1.05302890E-01
  1.20996158E+00   5.24500715E-01   3.98122025E-01
  1.50165125E+00   1.05366674E+00   8.33776063E-01
  1.77459466E+00   1.60512631E+00   1.35522741E+00
  1.99972178E+00   1.98616532E+00   1.82121037E+00
  2.17701253E+00   2.08138399E+00   2.07092363E+00
  2.31854357E+00   1.87415236E+00   1.99764214E+00
  2.43658217E+00   1.40516008E+00   1.57482689E+00
  2.54061485E+00   7.37672445E-01   8.46741592E-01
  2.63779724E+00  -5.80010973E-02  -9.10916039E-02
  2.73403170E+00  -9.08329520E-01  -1.11038622E+00
  2.83499414E+00  -1.73462499E+00  -2.06561693E+00
  2.94712605E+00  -2.44803719E+00  -2.80818371E+00
  3.07874646E+00  -2.94309041E+00  -3.20234462E+00
  3.24122977E+00  -3.09199458E+00  -3.14534363E+00
  3.44925997E+00  -2.74777339E+00  -2.59148657E+00
  3.71653828E+00  -1.78035004E+00  -1.57142513E+00
  4.04087375E+00  -1.85356146E-01  -1.86291929E-01
The toroidal mode   13
 Perpend. k-vec  Curvature        Coriolis
  4.92926131E+00  -3.26578320E-01  -3.05620747E-01
  4.57492404E+00  -2.28203006E+00  -2.00805579E+00
  4.28343722E+00  -3.47275800E+00  -3.27001743E+00
  4.05684003E+00  -3.89238247E+00  -3.95488654E+00
  3.87991550E+00  -3.69419307E+00  -4.01543523E+00
  3.73651476E+00  -3.05736529E+00  -3.50343443E+00
  3.61417237E+00  -2.14048439E+00  -2.54573930E+00
  3.50377298E+00  -1.07625987E+00  -1.31364598E+00
  3.39823314E+00   2.20810121E-02   2.94289943E-03
  3.29126127E+00   1.05289980E+00   1.21605712E+00
  3.17623804E+00   1.91968118E+00   2.15795426E+00
  3.04502780E+00   2.52807884E+00   2.70121434E+00
  2.88667102E+00   2.78989819E+00   2.78279200E+00
  2.68665587E+00   2.64191283E+00   2.42971612E+00
  2.42984166E+00   2.09087690E+00   1.77220374E+00
  2.11340685E+00   1.27382624E+00   1.01196707E+00
  1.76623740E+00   4.47810983E-01   3.31921747E-01
  1.44120320E+00  -1.66107335E-01  -1.78897955E-01
  1.17480785E+00  -5.14046308E-01  -5.12081844E-01
  9.71671162E-01  -6.59020860E-01  -6.94719508E-01
  8.20917151E-01  -6.83416341E-01  -7.65443502E-01
  7.10752268E-01  -6.49117001E-01  -7.64052805E-01
  6.33223001E-01  -5.95298491E-01  -7.25515228E-01
  5.84500293E-01  -5.44804603E-01  -6.76586846E-01
  5.64041344E-01  -5.09374252E-01  -6.34116237E-01
  5.73620961E-01  -4.92286098E-01  -6.04166957E-01
  6.16629181E-01  -4.88567115E-01  -5.81427363E-01
  6.98142791E-01  -4.82697892E-01  -5.48777387E-01
  8.25860426E-01  -4.43463419E-01  -4.77375039E-01
  1.01051988E+00  -3.16798862E-01  -3.28219471E-01
  1.26188885E+00  -2.50458203E-02  -5.69540991E-02
  1.57476371E+00   4.99436937E-01   3.74424580E-01
  1.91269782E+00   1.22220029E+00   9.69464242E-01
  2.22284599E+00   1.94981539E+00   1.65025988E+00
  2.47575311E+00   2.44466538E+00   2.24585374E+00
  2.67342095E+00   2.57434075E+00   2.56544753E+00
  2.83035449E+00   2.32736039E+00   2.48454822E+00
  2.96068167E+00   1.75913129E+00   1.97532882E+00
  3.07514905E+00   9.49887403E-01   1.09470885E+00
  3.18177577E+00  -1.33493389E-02  -3.95277096E-02
  3.28711693E+00  -1.04082952E+00  -1.27117537E+00
  3.39742876E+00  -2.03747199E+00  -2.42439103E+00
  3.51977498E+00  -2.89681541E+00  -3.32080899E+00
  3.66325720E+00  -3.49347462E+00  -3.79876911E+00
  3.84032059E+00  -3.67682503E+00  -3.73754207E+00
  4.06706552E+00  -3.27551055E+00  -3.08615506E+00
  4.35860498E+00  -2.14096854E+00  -1.88611194E+00
  4.71276075E+00  -2.74952366E-01  -2.63117914E-01
The toroidal mode   14
 Perpend. k-vec  Curvature        Coriolis
  5.06042341E+00  -2.87109656E-01  -2.76189650E-01
  4.67679776E+00  -2.28999477E+00  -2.01788296E+00
  4.36095473E+00  -3.50737655E+00  -3.30502999E+00
  4.11528418E+00  -3.93831931E+00  -4.00372382E+00
  3.92343671E+00  -3.74278116E+00  -4.07019443E+00
  3.76798127E+00  -3.10476880E+00  -3.55949610E+00
  3.63544035E+00  -2.18580041E+00  -2.60114273E+00
  3.51595717E+00  -1.12018399E+00  -1.36825861E+00
  3.40188406E+00  -2.18431069E-02  -5.16697290E-02
  3.28645177E+00   1.00758377E+00   1.16065369E+00
  3.16257394E+00   1.87227767E+00   2.10189259E+00
  3.02159061E+00   2.47949074E+00   2.64645513E+00
  2.85191028E+00   2.74396135E+00   2.73395472E+00
  2.63832055E+00   2.60729428E+00   2.39470356E+00
  2.36526696E+00   2.08291219E+00   1.76237657E+00
  2.03080340E+00   1.31329490E+00   1.04139817E+00
  1.66703997E+00   5.51812089E-01   4.14481386E-01
  1.33131783E+00   2.25484354E-03  -3.62953041E-02
  1.06319825E+00  -3.02105550E-01  -3.17266433E-01
  8.68497708E-01  -4.35510904E-01  -4.71876194E-01
  7.36828443E-01  -4.81106373E-01  -5.49370062E-01
  6.56530932E-01  -4.95833149E-01  -5.91832677E-01
  6.18804037E-01  -5.11849025E-01  -6.29233313E-01
  6.17299695E-01  -5.44440784E-01  -6.78111213E-01
  6.47489838E-01  -5.97586310E-01  -7.41817127E-01
  7.06969076E-01  -6.66367614E-01  -8.11255721E-01
  7.96276258E-01  -7.36657978E-01  -8.65770839E-01
  9.19772404E-01  -7.82184046E-01  -8.74369235E-01
  1.08637001E+00  -7.58847065E-01  -7.97892898E-01
  1.30912298E+00  -5.97976719E-01  -5.93059992E-01
  1.60001559E+00  -2.09337429E-01  -2.19211088E-01
  1.95411290E+00   4.74373158E-01   3.50727136E-01
The toroidal mode   15
 Perpend. k-vec  Curvature        Coriolis
  5.19200065E+00  -2.47640993E-01  -2.46758553E-01
  4.77914837E+00  -2.29795949E+00  -2.02771013E+00
  4.43897806E+00  -3.54199510E+00  -3.34004254E+00
  4.17424270E+00  -3.98425616E+00  -4.05256109E+00
  3.96747578E+00  -3.79136926E+00  -4.12495363E+00
  3.79997424E+00  -3.15217230E+00  -3.61555778E+00
  3.65725485E+00  -2.23111643E+00  -2.65654615E+00
  3.52872482E+00  -1.16410811E+00  -1.42287124E+00
  3.40617912E+00  -6.57672259E-02  -1.06282357E-01
  3.28238201E+00   9.62267746E-01   1.10525027E+00
  3.14980011E+00   1.82487417E+00   2.04583091E+00
  2.99928698E+00   2.43090265E+00   2.59169593E+00
  2.81869479E+00   2.69802450E+00   2.68511745E+00
  2.59226912E+00   2.57267573E+00   2.35969101E+00
  2.30437838E+00   2.07494747E+00   1.75254940E+00
  1.95462376E+00   1.35276357E+00   1.07082927E+00
  1.57946362E+00   6.55813194E-01   4.97041024E-01
  1.24213277E+00   1.70617022E-01   1.06307347E-01
  9.86473905E-01  -9.01647908E-02  -1.22451022E-01
  8.19612386E-01  -2.12000948E-01  -2.49032881E-01
  7.29233368E-01  -2.78796405E-01  -3.33296623E-01
  6.98327137E-01  -3.42549296E-01  -4.19612549E-01
  7.11050890E-01  -4.28399558E-01  -5.32951398E-01
  7.55518022E-01  -5.44076964E-01  -6.79635580E-01
  8.24902786E-01  -6.85798368E-01  -8.49518016E-01
  9.17206841E-01  -8.40449130E-01  -1.01834448E+00
  1.03474695E+00  -9.84748840E-01  -1.15011431E+00
  1.18411239E+00  -1.08167020E+00  -1.19996108E+00
  1.37655186E+00  -1.07423071E+00  -1.11841076E+00
  1.62744330E+00  -8.79154575E-01  -8.57900512E-01
  1.95060045E+00  -3.93629037E-01  -3.81468077E-01
  2.34094778E+00   4.49309380E-01   3.27029692E-01
The toroidal mode   16
 Perpend. k-vec  Curvature        Coriolis
  5.32396225E+00  -2.08172330E-01  -2.17327456E-01
  4.88194589E+00  -2.30592420E+00  -2.03753730E+00
  4.51748100E+00  -3.57661365E+00  -3.37505510E+00
  4.23369410E+00  -4.03019300E+00  -4.10139836E+00
  4.01201564E+00  -3.83995735E+00  -4.17971284E+00
  3.83248049E+00  -3.19957581E+00  -3.67161945E+00
  3.67960617E+00  -2.27643246E+00  -2.71194958E+00
  3.54206962E+00  -1.20803222E+00  -1.47748387E+00
  3.41111586E+00  -1.09691345E-01  -1.60894986E-01
  3.27905475E+00   9.16951722E-01   1.04984684E+00
  3.13792744E+00   1.77747066E+00   1.98976924E+00
  2.97814238E+00   2.38231456E+00   2.53693672E+00
  2.78707981E+00   2.65208766E+00   2.63628018E+00
  2.54862537E+00   2.53805718E+00   2.32467845E+00
  2.24747553E+00   2.06698276E+00   1.74272223E+00
  1.88564666E+00   1.39223223E+00   1.10026037E+00
  1.50553769E+00   7.59814299E-01   5.79600662E-01
  1.17835758E+00   3.38979201E-01   2.48909998E-01
  9.53097182E-01   1.21775968E-01   7.23643888E-02
  8.34609747E-01   1.15090079E-02  -2.61895675E-02
  8.00312703E-01  -7.64864376E-02  -1.17223183E-01
  8.21615826E-01  -1.89265443E-01  -2.47392420E-01
  8.76924265E-01  -3.44950092E-01  -4.36669483E-01
  9.54403634E-01  -5.43713144E-01  -6.81159947E-01
  1.04967004E+00  -7.74010425E-01  -9.57218906E-01
  1.16337026E+00  -1.01453065E+00  -1.22543325E+00
  1.30006448E+00  -1.23283970E+00  -1.43445779E+00
  1.46827314E+00  -1.38115635E+00  -1.52555293E+00
  1.68111007E+00  -1.38961436E+00  -1.43892862E+00
  1.95587744E+00  -1.16033243E+00  -1.12274103E+00
  2.30797317E+00  -5.77920645E-01  -5.43725065E-01
  2.73209051E+00   4.24245601E-01   3.03332248E-01
The toroidal mode   17
 Perpend. k-vec  Curvature        Coriolis
  5.45628034E+00  -1.68703666E-01  -1.87896359E-01
  4.98516265E+00  -2.31388892E+00  -2.04736447E+00
  4.59643897E+00  -3.61123220E+00  -3.41006765E+00
  4.29361792E+00  -4.07612985E+00  -4.15023563E+00
  4.05703981E+00  -3.88854544E+00  -4.23447204E+00
  3.86548705E+00  -3.24697931E+00  -3.72768112E+00
  3.70248458E+00  -2.32174848E+00  -2.76735300E+00
  3.55598506E+00  -1.25195634E+00  -1.53209650E+00
  3.41669151E+00  -1.53615464E-01  -2.15507614E-01
  3.27647225E+00   8.71635697E-01   9.94443421E-01
  3.12696619E+00   1.73006716E+00   1.93370756E+00
  2.95818166E+00   2.33372647E+00   2.48217752E+00
  2.75712038E+00   2.60615081E+00   2.58744291E+00
  2.50751505E+00   2.50343863E+00   2.28966590E+00
  2.19486841E+00   2.05901804E+00   1.73289506E+00
  1.82468910E+00   1.43170089E+00   1.12969146E+00
  1.44735536E+00   8.63815404E-01   6.62160300E-01
  1.14424889E+00   5.07341379E-01   3.91512649E-01
  9.67564431E-01   3.33716727E-01   2.67179800E-01
  9.10337943E-01   2.35018964E-01   1.96653746E-01
  9.32241119E-01   1.25823530E-01   9.88502572E-02
  9.96598309E-01  -3.59815903E-02  -7.51722921E-02
  1.08310980E+00  -2.61500625E-01  -3.40387568E-01
  1.18376322E+00  -5.43349324E-01  -6.82684314E-01
  1.29740927E+00  -8.62222483E-01  -1.06491980E+00
  1.42698674E+00  -1.18861216E+00  -1.43252201E+00
  1.57875111E+00  -1.48093057E+00  -1.71880127E+00
  1.76269477E+00  -1.68064251E+00  -1.85114478E+00
  1.99346633E+00  -1.70499800E+00  -1.75944648E+00
  2.29007807E+00  -1.44151029E+00  -1.38758155E+00
  2.66940893E+00  -7.62212253E-01  -7.05982054E-01
  3.12592441E+00   3.99181823E-01   2.79634804E-01
The toroidal mode   18
 Perpend. k-vec  Curvature        Coriolis
  5.58892958E+00  -1.29235003E-01  -1.58465262E-01
  5.08877316E+00  -2.32185363E+00  -2.05719164E+00
  4.67582893E+00  -3.64585074E+00  -3.44508021E+00
  4.35399464E+00  -4.12206669E+00  -4.19907291E+00
  4.10253235E+00  -3.93713354E+00  -4.28923124E+00
  3.89898123E+00  -3.29438282E+00  -3.78374280E+00
  3.72588036E+00  -2.36706451E+00  -2.82275643E+00
  3.57046447E+00  -1.29588046E+00  -1.58670912E+00
  3.42290296E+00  -1.97539583E-01  -2.70120243E-01
  3.27463628E+00   8.26319673E-01   9.39039996E-01
  3.11692598E+00   1.68266365E+00   1.87764589E+00
  2.93942895E+00   2.28513837E+00   2.42741832E+00
  2.72887105E+00   2.56021397E+00   2.53860563E+00
  2.46906469E+00   2.46882009E+00   2.25465334E+00
  2.14687285E+00   2.05105333E+00   1.72306789E+00
  1.77257862E+00   1.47116956E+00   1.15912256E+00
  1.40687123E+00   9.67816510E-01   7.44719938E-01
  1.14246690E+00   6.75703558E-01   5.34115300E-01
  1.02785740E+00   5.45657486E-01   4.61995211E-01
  1.03353262E+00   4.58528920E-01   4.19497059E-01
  1.10340407E+00   3.28133498E-01   3.14923697E-01
  1.20088620E+00   1.17302262E-01   9.70478361E-02
  1.31071940E+00  -1.78051158E-01  -2.44105652E-01
  1.42899779E+00  -5.42985505E-01  -6.84208681E-01
  1.55719476E+00  -9.50434541E-01  -1.17262069E+00
  1.69995613E+00  -1.36269368E+00  -1.63961078E+00
  1.86482265E+00  -1.72902143E+00  -2.00314474E+00
  2.06298877E+00  -1.98012866E+00  -2.17673662E+00
  2.31046008E+00  -2.02038165E+00  -2.07996433E+00
  2.62784603E+00  -1.72268814E+00  -1.65242207E+00
  3.03345574E+00  -9.46503862E-01  -8.68239043E-01
  3.52154669E+00   3.74118044E-01   2.55937359E-01
The toroidal mode   19
 Perpend. k-vec  Curvature        Coriolis
  5.72188694E+00  -8.97663396E-02  -1.29034165E-01
  5.19275385E+00  -2.32981835E+00  -2.06701881E+00
  4.75562923E+00  -3.68046929E+00  -3.48009276E+00
  4.41480568E+00  -4.16800354E+00  -4.24791018E+00
  4.14847784E+00  -3.98572163E+00  -4.34399045E+00
  3.93295057E+00  -3.34178632E+00  -3.83980447E+00
  3.74978384E+00  -2.41238053E+00  -2.87815985E+00
  3.58550103E+00  -1.33980458E+00  -1.64132175E+00
  3.42974674E+00  -2.41463702E-01  -3.24732871E-01
  3.27354808E+00   7.81003648E-01   8.83636572E-01
  3.10781572E+00   1.63526015E+00   1.82158422E+00
  2.92190749E+00   2.23655028E+00   2.37265911E+00
  2.70238542E+00   2.51427712E+00   2.48976836E+00
  2.43340038E+00   2.43420154E+00   2.21964079E+00
  2.10380448E+00   2.04308861E+00   1.71324073E+00
  1.73011482E+00   1.51063822E+00   1.18855366E+00
  1.38563746E+00   1.07181761E+00   8.27279577E-01
  1.17315891E+00   8.44065737E-01   6.76717951E-01
  1.12664278E+00   7.57598245E-01   6.56810622E-01
  1.18953645E+00   6.82038876E-01   6.42340373E-01
  1.29837651E+00   5.30443466E-01   5.30997137E-01
  1.42190400E+00   2.70586115E-01   2.69267964E-01
  1.55034569E+00  -9.46016918E-02  -1.47823737E-01
  1.68318277E+00  -5.42621685E-01  -6.85733048E-01
  1.82388632E+00  -1.03864660E+00  -1.28032158E+00
  1.97841081E+00  -1.53677519E+00  -1.84669954E+00
  2.15534058E+00  -1.97711229E+00  -2.28748822E+00
  2.36692108E+00  -2.27961482E+00  -2.50232847E+00
  2.63041526E+00  -2.33576529E+00  -2.40048219E+00
  2.96796362E+00  -2.00386600E+00  -1.91726259E+00
  3.39927481E+00  -1.13079547E+00  -1.03049603E+00
  3.91841569E+00   3.49054265E-01   2.32239915E-01
The toroidal mode   20
 Perpend. k-vec  Curvature        Coriolis
  5.85513144E+00  -5.02976762E-02  -9.96030681E-02
  5.29708291E+00  -2.33778306E+00  -2.07684598E+00
  4.83581957E+00  -3.71508784E+00  -3.51510532E+00
  4.47603335E+00  -4.21394038E+00  -4.29674745E+00
  4.19486140E+00  -4.03430972E+00  -4.39874965E+00
  3.96738287E+00  -3.38918983E+00  -3.89586614E+00
  3.77418537E+00  -2.45769656E+00  -2.93356327E+00
  3.60108774E+00  -1.38372870E+00  -1.69593438E+00
  3.43721907E+00  -2.85387821E-01  -3.79345500E-01
  3.27320841E+00   7.35687624E-01   8.28233147E-01
  3.09964363E+00   1.58785664E+00   1.76552254E+00
  2.90563957E+00   2.18796219E+00   2.31789991E+00
  2.67771585E+00   2.46834028E+00   2.44093109E+00
  2.40064631E+00   2.39958299E+00   2.18462823E+00
  2.06597148E+00   2.03512390E+00   1.70341356E+00
  1.69802158E+00   1.55010688E+00   1.21798475E+00
  1.38454000E+00   1.17581872E+00   9.09839215E-01
  1.23390405E+00   1.01242792E+00   8.19320601E-01
  1.25486266E+00   9.69539004E-01   8.51626033E-01
  1.36716386E+00   9.05548832E-01   8.65183686E-01
  1.50795111E+00   7.32753434E-01   7.47070577E-01
  1.65295437E+00   4.23869968E-01   4.41488093E-01
  1.79718836E+00  -1.11522252E-02  -5.15418221E-02
  1.94280829E+00  -5.42257865E-01  -6.87257415E-01
  2.09484799E+00  -1.12685866E+00  -1.38802247E+00
  2.26032447E+00  -1.71085671E+00  -2.05378830E+00
  2.44872284E+00  -2.22520315E+00  -2.57183169E+00
  2.67325105E+00  -2.57910097E+00  -2.82792032E+00
  2.95236921E+00  -2.65114894E+00  -2.72100005E+00
  3.30970657E+00  -2.28504386E+00  -2.18210312E+00
  3.76634976E+00  -1.31508708E+00  -1.19275302E+00
  4.31618752E+00   3.23990487E-01   2.08542471E-01
The toroidal mode   21
 Perpend. k-vec  Curvature        Coriolis
  5.98864391E+00  -1.08290129E-02  -7.01719711E-02
  5.40174016E+00  -2.34574777E+00  -2.08667314E+00
  4.91638085E+00  -3.74970639E+00  -3.55011787E+00
  4.53766077E+00  -4.25987723E+00  -4.34558473E+00
  4.24166865E+00  -4.08289782E+00  -4.45350886E+00
  4.00226617E+00  -3.43659333E+00  -3.95192782E+00
  3.79907535E+00  -2.50301258E+00  -2.98896670E+00
  3.61721751E+00  -1.42765282E+00  -1.75054701E+00
  3.44531588E+00  -3.29311940E-01  -4.33958128E-01
  3.27361749E+00   6.90371599E-01   7.72829723E-01
  3.09241714E+00   1.54045314E+00   1.70946087E+00
  2.89064635E+00   2.13937409E+00   2.26314071E+00
  2.65491296E+00   2.42240343E+00   2.39209381E+00
  2.37092309E+00   2.36496444E+00   2.14961568E+00
  2.03366605E+00   2.02715918E+00   1.69358639E+00
  1.67689444E+00   1.58957555E+00   1.24741585E+00
  1.40362610E+00   1.27981983E+00   9.92398853E-01
  1.32056151E+00   1.18079009E+00   9.61923252E-01
  1.40447850E+00   1.18147976E+00   1.04644144E+00
  1.55904133E+00   1.12905879E+00   1.08802700E+00
  1.72681947E+00   9.35063401E-01   9.63144017E-01
  1.89036218E+00   5.77153821E-01   6.13708221E-01
  2.04864056E+00   7.22972414E-02   4.47400931E-02
  2.20595424E+00  -5.41894046E-01  -6.88781783E-01
  2.36861479E+00  -1.21507071E+00  -1.49572335E+00
  2.54454769E+00  -1.88493822E+00  -2.26087707E+00
  2.74405086E+00  -2.47329402E+00  -2.85617517E+00
  2.98123965E+00  -2.87858712E+00  -3.15351217E+00
  3.27573263E+00  -2.96653259E+00  -3.04151791E+00
  3.65261868E+00  -2.56622171E+00  -2.44694364E+00
  4.13434610E+00  -1.49937869E+00  -1.35501001E+00
  4.71463368E+00   2.98926708E-01   1.84845027E-01
The toroidal mode   22
 Perpend. k-vec  Curvature        Coriolis
  6.12240683E+00   2.86396505E-02  -4.07408741E-02
  5.50670689E+00  -2.35371249E+00  -2.09650031E+00
  4.99729515E+00  -3.78432494E+00  -3.58513043E+00
  4.59967189E+00  -4.30581407E+00  -4.39442200E+00
  4.28888574E+00  -4.13148591E+00  -4.50826806E+00
  4.03758878E+00  -3.48399684E+00  -4.00798949E+00
  3.82444425E+00  -2.54832861E+00  -3.04437012E+00
  3.63388310E+00  -1.47157694E+00  -1.80515964E+00
  3.45403276E+00  -3.73236059E-01  -4.88570757E-01
  3.27477506E+00   6.45055574E-01   7.17426299E-01
  3.08614288E+00   1.49304963E+00   1.65339920E+00
  2.87694776E+00   2.09078600E+00   2.20838150E+00
  2.63402522E+00   2.37646659E+00   2.34325654E+00
  2.34434601E+00   2.33034589E+00   2.11460312E+00
  2.00715510E+00   2.01919447E+00   1.68375922E+00
  1.66715035E+00   1.62904421E+00   1.27684695E+00
  1.44209459E+00   1.38382093E+00   1.07495849E+00
  1.42842304E+00   1.34915227E+00   1.10452590E+00
  1.56938289E+00   1.39342052E+00   1.24125685E+00
  1.76051568E+00   1.35256874E+00   1.31087031E+00
  1.95185768E+00   1.13737337E+00   1.17921746E+00
  2.13200470E+00   7.30437674E-01   7.85928349E-01
  2.30319303E+00   1.55746708E-01   1.41022008E-01
  2.47149639E+00  -5.41530226E-01  -6.90306150E-01
  2.64431559E+00  -1.30328277E+00  -1.60342424E+00
  2.83038478E+00  -2.05901974E+00  -2.46796583E+00
  3.04075775E+00  -2.72138488E+00  -3.14051864E+00
  3.29042118E+00  -3.17807328E+00  -3.47910401E+00
  3.60012576E+00  -3.28191623E+00  -3.36203577E+00
  3.99639901E+00  -2.84739957E+00  -2.71178416E+00
  4.50303793E+00  -1.68367029E+00  -1.51726700E+00
  5.11359653E+00   2.73862930E-01   1.61147582E-01
The toroidal mode   23
 Perpend. k-vec  Curvature        Coriolis
  6.25640411E+00   6.81083138E-02  -1.13097771E-02
  5.61196573E+00  -2.36167720E+00  -2.10632748E+00
  5.07854558E+00  -3.81894349E+00  -3.62014298E+00
  4.66205138E+00  -4.35175092E+00  -4.44325927E+00
  4.33649926E+00  -4.18007400E+00  -4.56302726E+00
  4.07333928E+00  -3.53140034E+00  -4.06405117E+00
  3.85028259E+00  -2.59364463E+00  -3.09977355E+00
  3.65107717E+00  -1.51550106E+00  -1.85977227E+00
  3.46336503E+00  -4.17160178E-01  -5.43183385E-01
  3.27668030E+00   5.99739550E-01   6.62022874E-01
  3.08082669E+00   1.44564613E+00   1.59733752E+00
  2.86456237E+00   2.04219791E+00   2.15362230E+00
  2.61509853E+00   2.33052974E+00   2.29441927E+00
  2.32102313E+00   2.29572734E+00   2.07959057E+00
  1.98667064E+00   2.01122975E+00   1.67393205E+00
  1.66898871E+00   1.66851287E+00   1.30627804E+00
  1.49845345E+00   1.48782204E+00   1.15751813E+00
  1.55307700E+00   1.51751445E+00   1.24712855E+00
  1.74524745E+00   1.60536128E+00   1.43607227E+00
  1.96864264E+00   1.57607870E+00   1.53371363E+00
  2.18115687E+00   1.33968334E+00   1.39529090E+00
  2.37659057E+00   8.83721526E-01   9.58148477E-01
  2.55992109E+00   2.39196175E-01   2.37303924E-01
  2.73873784E+00  -5.41166406E-01  -6.91830517E-01
  2.92140291E+00  -1.39149483E+00  -1.71112513E+00
  3.11739184E+00  -2.23310126E+00  -2.67505460E+00
  3.33847590E+00  -2.96947574E+00  -3.42486212E+00
  3.60048833E+00  -3.47755943E+00  -3.80469586E+00
  3.92529331E+00  -3.59729988E+00  -3.68255363E+00
  4.34084127E+00  -3.12857743E+00  -2.97662468E+00
  4.87226738E+00  -1.86796190E+00  -1.67952399E+00
  5.51296391E+00   2.48799151E-01   1.37450138E-01
The toroidal mode   24
 Perpend. k-vec  Curvature        Coriolis
  6.39062103E+00   1.07576977E-01   1.81213199E-02
  5.71750054E+00  -2.36964192E+00  -2.11615465E+00
  5.16011627E+00  -3.85356204E+00  -3.65515554E+00
  4.72478466E+00  -4.39768776E+00  -4.49209654E+00
  4.38449631E+00  -4.22866209E+00  -4.61778647E+00
  4.10950650E+00  -3.57880385E+00  -4.12011284E+00
  3.87658100E+00  -2.63896066E+00  -3.15517697E+00
  3.66879229E+00  -1.55942518E+00  -1.91438489E+00
  3.47330774E+00  -4.61084297E-01  -5.97796013E-01
  3.27933193E+00   5.54423525E-01   6.06619450E-01
  3.07647353E+00   1.39824262E+00   1.54127585E+00
  2.85350728E+00   1.99360981E+00   2.09886309E+00
  2.59817574E+00   2.28459290E+00   2.24558200E+00
  2.30105342E+00   2.26110879E+00   2.04457801E+00
  1.97240042E+00   2.00326504E+00   1.66410488E+00
  1.68237155E+00   1.70798154E+00   1.33570914E+00
  1.57077816E+00   1.59182314E+00   1.24007777E+00
  1.69081345E+00   1.68587663E+00   1.38973121E+00
  1.92907695E+00   1.81730204E+00   1.63088768E+00
  2.18151896E+00   1.79958866E+00   1.75655694E+00
  2.41350287E+00   1.54199330E+00   1.61136434E+00
  2.62329665E+00   1.03700538E+00   1.13036861E+00
  2.81823024E+00   3.22645641E-01   3.33585839E-01
  3.00722559E+00  -5.40802586E-01  -6.93354884E-01
  3.19951653E+00  -1.47970689E+00  -1.81882602E+00
  3.40527307E+00  -2.40718277E+00  -2.88214336E+00
  3.63695696E+00  -3.21756660E+00  -3.70920560E+00
  3.91123048E+00  -3.77704559E+00  -4.13028771E+00
  4.25105758E+00  -3.91268352E+00  -4.00307149E+00
  4.68579951E+00  -3.40975528E+00  -3.24146520E+00
  5.24192083E+00  -2.05225351E+00  -1.84178098E+00
  5.91265384E+00   2.23735373E-01   1.13752694E-01
The toroidal mode   25
 Perpend. k-vec  Curvature        Coriolis
  6.52504403E+00   1.47045640E-01   4.75524168E-02
  5.82329633E+00  -2.37760663E+00  -2.12598182E+00
  5.24199226E+00  -3.88818059E+00  -3.69016809E+00
  4.78785782E+00  -4.44362461E+00  -4.54093382E+00
  4.43286443E+00  -4.27725019E+00  -4.67254567E+00
  4.14607954E+00  -3.62620735E+00  -4.17617451E+00
  3.90333017E+00  -2.68427668E+00  -3.21058040E+00
  3.68702095E+00  -1.60334930E+00  -1.96899752E+00
  3.48385566E+00  -5.05008416E-01  -6.52408642E-01
  3.28272813E+00   5.09107501E-01   5.51216026E-01
  3.07308748E+00   1.35083912E+00   1.48521418E+00
  2.84379801E+00   1.94502172E+00   2.04410389E+00
  2.58329625E+00   2.23865605E+00   2.19674472E+00
  2.28452481E+00   2.22649024E+00   2.00956546E+00
  1.96447988E+00   1.99530032E+00   1.65427771E+00
  1.70702736E+00   1.74745020E+00   1.36514024E+00
  1.65697938E+00   1.69582425E+00   1.32263741E+00
  1.83869471E+00   1.85423881E+00   1.53233386E+00
  2.11879926E+00   2.02924280E+00   1.82570309E+00
  2.39788009E+00   2.02309861E+00   1.97940025E+00
  2.64809383E+00   1.74430327E+00   1.82743778E+00
  2.87157653E+00   1.19028923E+00   1.30258873E+00
  3.07772242E+00   4.06095108E-01   4.29867754E-01
  3.27665329E+00  -5.40438767E-01  -6.94879251E-01
  3.47841030E+00  -1.56791894E+00  -1.92652691E+00
  3.69382407E+00  -2.58126429E+00  -3.08923212E+00
  3.93602739E+00  -3.46565747E+00  -3.99354907E+00
  4.22249860E+00  -4.07653174E+00  -4.45587956E+00
  4.57729115E+00  -4.22806717E+00  -4.32358935E+00
  5.03116759E+00  -3.69093314E+00  -3.50630572E+00
  5.61191450E+00  -2.23654512E+00  -2.00403796E+00
  6.31260505E+00   1.98671594E-01   9.00552498E-02
The toroidal mode   26
 Perpend. k-vec  Curvature        Coriolis
  6.65966063E+00   1.86514304E-01   7.69835138E-02
  5.92933913E+00  -2.38557135E+00  -2.13580899E+00
  5.32415948E+00  -3.92279913E+00  -3.72518065E+00
  4.85125760E+00  -4.48956145E+00  -4.58977109E+00
  4.48159160E+00  -4.32583828E+00  -4.72730487E+00
  4.18304774E+00  -3.67361086E+00  -4.23223619E+00
  3.93052090E+00  -2.72959270E+00  -3.26598382E+00
  3.70575558E+00  -1.64727341E+00  -2.02361015E+00
  3.49500330E+00  -5.48932535E-01  -7.07021270E-01
  3.28686659E+00   4.63791476E-01   4.95812601E-01
  3.07067175E+00   1.30343561E+00   1.42915250E+00
  2.83544837E+00   1.89643363E+00   1.98934469E+00
  2.57049552E+00   2.19271921E+00   2.14790745E+00
  2.27151241E+00   2.19187170E+00   1.97455291E+00
  1.96298588E+00   1.98733561E+00   1.64445054E+00
  1.74247768E+00   1.78691886E+00   1.39457134E+00
The toroidal mode   27
 Perpend. k-vec  Curvature        Coriolis
  6.79445932E+00   2.25982967E-01   1.06414611E-01
  6.03561591E+00  -2.39353606E+00  -2.14563616E+00
  5.40660464E+00  -3.95741768E+00  -3.76019320E+00
  4.91497138E+00  -4.53549830E+00  -4.63860836E+00
  4.53066623E+00  -4.37442637E+00  -4.78206408E+00
  4.22040073E+00  -3.72101436E+00  -4.28829786E+00
  3.95814408E+00  -2.77490873E+00  -3.32138724E+00
  3.72498853E+00  -1.69119753E+00  -2.07822278E+00
  3.50674496E+00  -5.92856654E-01  -7.61633899E-01
  3.29174452E+00   4.18475452E-01   4.40409177E-01
  3.06922863E+00   1.25603211E+00   1.37309083E+00
  2.82847042E+00   1.84784554E+00   1.93458548E+00
  2.55980475E+00   2.14678236E+00   2.09907018E+00
  2.26207692E+00   2.15725315E+00   1.93954035E+00
  1.96793306E+00   1.97937089E+00   1.63462337E+00
  1.78808059E+00   1.82638753E+00   1.42400243E+00
The toroidal mode   28
 Perpend. k-vec  Curvature        Coriolis
  6.92942948E+00   2.65451630E-01   1.35845708E-01
  6.14211453E+00  -2.40150078E+00  -2.15546333E+00
  5.48931522E+00  -3.99203623E+00  -3.79520575E+00
  4.97898708E+00  -4.58143514E+00  -4.68744563E+00
  4.58007717E+00  -4.42301447E+00  -4.83682328E+00
  4.25812838E+00  -3.76841787E+00  -4.34435953E+00
  3.98619074E+00  -2.82022475E+00  -3.37679067E+00
  3.74471213E+00  -1.73512165E+00  -2.13283541E+00
  3.51907467E+00  -6.36780773E-01  -8.16246527E-01
  3.29735863E+00   3.73159427E-01   3.85005752E-01
  3.06875949E+00   1.20862860E+00   1.31702915E+00
  2.82287432E+00   1.79925744E+00   1.87982628E+00
  2.55125047E+00   2.10084552E+00   2.05023290E+00
  2.25626320E+00   2.12263460E+00   1.90452780E+00
  1.97927311E+00   1.97140618E+00   1.62479621E+00
  1.84308264E+00   1.86585619E+00   1.45343353E+00
The toroidal mode   29
 Perpend. k-vec  Curvature        Coriolis
  7.06456128E+00   3.04920294E-01   1.65276805E-01
  6.24882365E+00  -2.40946549E+00  -2.16529050E+00
  5.57227940E+00  -4.02665478E+00  -3.83021831E+00
  5.04329321E+00  -4.62737199E+00  -4.73628291E+00
  4.62981364E+00  -4.47160256E+00  -4.89158248E+00
  4.29622082E+00  -3.81582137E+00  -4.40042121E+00
  4.01465200E+00  -2.86554078E+00  -3.43219409E+00
  3.76491867E+00  -1.77904577E+00  -2.18744804E+00
  3.53198629E+00  -6.80704892E-01  -8.70859156E-01
  3.30370517E+00   3.27843402E-01   3.29602328E-01
  3.06926478E+00   1.16122510E+00   1.26096748E+00
  2.81866831E+00   1.75066935E+00   1.82506708E+00
  2.54485420E+00   2.05490867E+00   2.00139563E+00
  2.25409927E+00   2.08801605E+00   1.86951524E+00
  1.99689714E+00   1.96344146E+00   1.61496904E+00
  1.90667058E+00   1.90532485E+00   1.48286463E+00
The toroidal mode   30
 Perpend. k-vec  Curvature        Coriolis
  7.19984562E+00   3.44388957E-01   1.94707902E-01
  6.35573266E+00  -2.41743021E+00  -2.17511766E+00
  5.65548602E+00  -4.06127333E+00  -3.86523086E+00
  5.10787881E+00  -4.67330883E+00  -4.78512018E+00
  4.67986525E+00  -4.52019065E+00  -4.94634169E+00
  4.33466842E+00  -3.86322488E+00  -4.45648288E+00
  4.04351909E+00  -2.91085680E+00  -3.48759752E+00
  3.78560042E+00  -1.82296989E+00  -2.24206067E+00
  3.54547346E+00  -7.24629011E-01  -9.25471784E-01
  3.31077992E+00   2.82527378E-01   2.74198904E-01
  3.07074401E+00   1.11382159E+00   1.20490581E+00
  2.81585860E+00   1.70208126E+00   1.77030787E+00
  2.54063227E+00   2.00897183E+00   1.95255836E+00
  2.25559565E+00   2.05339750E+00   1.83450269E+00
  2.02064071E+00   1.95547675E+00   1.60514187E+00
  1.97801655E+00   1.94479352E+00   1.51229572E+00
The toroidal mode   31
 Perpend. k-vec  Curvature        Coriolis
  7.33527405E+00   3.83857621E-01   2.24138999E-01
  6.46283165E+00  -2.42539492E+00  -2.18494483E+00
  5.73892454E+00  -4.09589188E+00  -3.90024342E+00
  5.17273341E+00  -4.71924568E+00  -4.83395745E+00
  4.73022202E+00  -4.56877875E+00  -5.00110089E+00
  4.37346184E+00  -3.91062838E+00  -4.51254455E+00
  4.07278339E+00  -2.95617283E+00  -3.54300094E+00
  3.80674963E+00  -1.86689401E+00  -2.29667329E+00
  3.55952963E+00  -7.68553130E-01  -9.80084412E-01
  3.31857824E+00   2.37211353E-01   2.18795479E-01
  3.07319579E+00   1.06641809E+00   1.14884413E+00
  2.81444940E+00   1.65349316E+00   1.71554867E+00
  2.53859551E+00   1.96303498E+00   1.90372109E+00
  2.26074507E+00   2.01877895E+00   1.79949013E+00
  2.05029124E+00   1.94751203E+00   1.59531470E+00
  2.05631319E+00   1.98426218E+00   1.54172682E+00
