  3.08679E-02   3.11973E-01  -1.70552E-18   3.08679E-02   2.62312E-01   2.67239E-17
  1.00211E-01   5.00913E-01   2.68346E-17   1.00211E-01   7.86621E-01   4.94667E-18
  8.68645E-02   3.67218E-01   6.44648E-17   8.68645E-02   5.93107E-01   9.31832E-18
  3.98328E-02   1.46883E-01  -6.06925E-18   3.98328E-02   2.90888E-01  -3.13210E-17
  1.63903E-03   7.35224E-02  -1.07891E-17   1.63903E-03   3.16256E-02  -2.88519E-17
 -2.64657E-02   1.55854E-01   1.31791E-17  -2.64657E-02  -9.59278E-02  -6.25679E-18
 -5.23057E-02   2.73155E-01   2.54747E-17  -5.23057E-02  -1.98146E-01  -5.22857E-17
 -7.83497E-02   3.55656E-01  -1.13595E-17  -7.83497E-02  -3.05553E-01   8.23580E-19
 -1.01438E-01   3.88296E-01  -4.53107E-17  -1.01438E-01  -2.34620E-01   9.17893E-18
 -1.29829E-01   4.40501E-01   1.25657E-17  -1.29829E-01  -1.13065E-01   3.10527E-17
 -1.33028E-01   4.85481E-01  -2.13810E-17  -1.33028E-01  -3.84933E-02  -2.18450E-17
 -1.45471E-01   4.89537E-01  -1.59905E-16  -1.45471E-01   6.25569E-02  -2.35931E-17
 -1.56935E-01   4.88758E-01  -6.73741E-17  -1.56935E-01   5.42939E-02  -5.68782E-18
 -1.65557E-01   4.97624E-01  -3.90476E-17  -1.65557E-01   2.14090E-02   1.75750E-17
 -1.70139E-01   5.15951E-01   6.18857E-18  -1.70139E-01  -4.49371E-02   1.15579E-17
 -1.75236E-01   5.35608E-01  -1.64113E-16  -1.75236E-01  -9.36299E-02   4.26121E-18
 -1.66651E-01   5.78794E-01   7.76509E-17  -1.66651E-01  -1.48122E-01   9.88998E-18
 -1.39608E-01   6.29276E-01   7.28492E-17  -1.39608E-01  -1.65148E-01  -4.99975E-18
 -1.02387E-01   6.63551E-01   3.15152E-17  -1.02387E-01  -9.75852E-02   1.21798E-17
 -5.48696E-02   7.14117E-01  -6.22072E-17  -5.48696E-02  -3.39246E-02  -2.05435E-17
 -9.93791E-03   7.14810E-01  -5.05268E-19  -9.93791E-03   3.13011E-02  -1.71350E-17
  3.00469E-02   7.16535E-01  -9.73545E-17   3.00469E-02   1.15066E-01   5.24691E-18
  5.52073E-02   7.08138E-01  -2.42466E-16   5.52073E-02   1.45508E-01  -1.19382E-17
  7.41737E-02   6.86148E-01   1.41749E-16   7.41737E-02   1.72452E-01   1.21713E-17
  8.47035E-02   6.65497E-01  -9.61574E-17   8.47035E-02   1.98791E-01  -6.97958E-20
  9.30110E-02   6.50794E-01  -3.16058E-17   9.30110E-02   2.27478E-01   4.36695E-18
  9.57825E-02   6.32460E-01  -1.22277E-16   9.57825E-02   2.54118E-01  -1.03832E-17
  9.41278E-02   6.12670E-01   6.66381E-17   9.41278E-02   2.83915E-01   1.07579E-17
  9.05002E-02   5.94103E-01   1.21888E-17   9.05002E-02   3.12064E-01  -4.61911E-18
  8.37085E-02   5.79862E-01   1.67611E-17   8.37085E-02   3.23381E-01   8.26385E-18
  7.26704E-02   5.59273E-01   1.49962E-18   7.26704E-02   3.24680E-01   2.61539E-18
  6.15134E-02   5.44571E-01  -5.89151E-18   6.15134E-02   3.14753E-01  -1.11014E-17
  4.88146E-02   5.34116E-01   2.11812E-17   4.88146E-02   2.93733E-01   3.89297E-17
  3.57781E-02   5.23793E-01  -1.40853E-16   3.57781E-02   2.67785E-01   1.43798E-17
  2.32255E-02   5.17796E-01   1.58159E-17   2.32255E-02   2.41527E-01  -1.18317E-17
  1.15382E-02   5.15348E-01   1.10837E-16   1.15382E-02   2.16362E-01   5.22882E-18
  8.29332E-04   5.15471E-01  -6.72799E-17   8.29332E-04   1.95627E-01  -5.28645E-18
 -8.84840E-03   5.16664E-01  -2.33832E-17  -8.84840E-03   1.80819E-01  -1.16849E-17
 -1.72496E-02   5.18820E-01  -1.65456E-16  -1.72496E-02   1.69942E-01   6.36367E-19
 -2.44293E-02   5.23251E-01  -1.54715E-17  -2.44293E-02   1.61817E-01   1.48221E-17
 -3.10283E-02   5.27066E-01  -5.35279E-17  -3.10283E-02   1.55104E-01   2.72779E-18
 -3.68133E-02   5.31055E-01   1.55032E-17  -3.68133E-02   1.45992E-01  -1.09225E-17
 -4.15740E-02   5.36361E-01  -4.78369E-17  -4.15740E-02   1.34548E-01  -7.11015E-18
 -4.58304E-02   5.41382E-01   7.88939E-17  -4.58304E-02   1.20132E-01   6.41633E-18
 -4.89445E-02   5.47230E-01  -1.63489E-17  -4.89445E-02   1.03996E-01   9.58396E-18
 -5.07194E-02   5.53843E-01  -7.84312E-17  -5.07194E-02   8.77568E-02  -2.69339E-18
 -5.07785E-02   5.61775E-01  -1.01009E-16  -5.07785E-02   7.40591E-02   1.29884E-17
 -4.89538E-02   5.70697E-01  -7.40329E-17  -4.89538E-02   6.47931E-02  -4.32131E-18
 -4.52407E-02   5.79713E-01   1.75316E-16  -4.52407E-02   6.09293E-02   3.40092E-18
 -3.94992E-02   5.88478E-01   1.76106E-16  -3.94992E-02   6.35766E-02   1.20292E-18
 -3.24242E-02   5.96262E-01   2.13107E-17  -3.24242E-02   7.18304E-02  -9.21571E-18
 -2.47045E-02   6.01856E-01   1.08848E-16  -2.47045E-02   8.34483E-02   6.81708E-18
 -1.66424E-02   6.05688E-01  -4.77002E-17  -1.66424E-02   9.72669E-02   3.93907E-18
 -9.16927E-03   6.07362E-01  -6.39142E-17  -9.16927E-03   1.10888E-01   9.69861E-18
 -2.43463E-03   6.07262E-01  -6.48185E-17  -2.43463E-03   1.23237E-01  -7.23523E-19
  3.17263E-03   6.05647E-01  -1.01284E-16   3.17263E-03   1.33708E-01  -1.41527E-18
  7.77428E-03   6.03137E-01  -8.02090E-17   7.77428E-03   1.42526E-01  -6.35213E-18
  1.13017E-02   6.00091E-01   2.77326E-17   1.13017E-02   1.49881E-01  -1.37731E-17
  1.38325E-02   5.96527E-01  -7.18674E-17   1.38325E-02   1.56184E-01  -2.73604E-17
  1.55042E-02   5.92763E-01  -3.36993E-17   1.55042E-02   1.61844E-01   4.04181E-18
  1.63802E-02   5.88966E-01   3.12046E-17   1.63802E-02   1.66823E-01  -4.20926E-19
  1.64150E-02   5.85052E-01  -1.01809E-17   1.64150E-02   1.70946E-01  -3.98732E-18
  1.57693E-02   5.81227E-01   2.67734E-17   1.57693E-02   1.74132E-01   1.43241E-18
  1.45025E-02   5.77682E-01  -3.89583E-17   1.45025E-02   1.76137E-01   2.87117E-18
  1.26659E-02   5.74343E-01  -5.70887E-18   1.26659E-02   1.76778E-01   3.24453E-18
  1.03902E-02   5.71317E-01   3.68712E-17   1.03902E-02   1.76140E-01   9.52603E-18
  7.78702E-03   5.68685E-01   1.00957E-16   7.78702E-03   1.74322E-01   1.93425E-17
  4.98120E-03   5.66587E-01   1.31280E-18   4.98120E-03   1.71545E-01  -2.71655E-18
  2.08580E-03   5.65040E-01   2.74433E-17   2.08580E-03   1.68077E-01   4.74109E-18
 -8.11494E-04   5.64002E-01  -3.04692E-17  -8.11494E-04   1.64142E-01   5.00339E-18
 -3.58514E-03   5.63505E-01  -4.00871E-17  -3.58514E-03   1.59956E-01  -6.39628E-18
 -6.19352E-03   5.63493E-01   1.36576E-17  -6.19352E-03   1.55672E-01   4.18008E-18
 -8.57007E-03   5.63851E-01   9.52419E-17  -8.57007E-03   1.51382E-01   2.93061E-18
 -1.06530E-02   5.64592E-01   6.23510E-17  -1.06530E-02   1.47186E-01  -9.54651E-18
 -1.24240E-02   5.65648E-01   7.87580E-18  -1.24240E-02   1.43150E-01   7.30055E-18
 -1.38426E-02   5.66989E-01  -7.57446E-17  -1.38426E-02   1.39379E-01   5.36365E-18
 -1.48889E-02   5.68567E-01  -3.76736E-17  -1.48889E-02   1.35973E-01  -1.93358E-18
 -1.55414E-02   5.70325E-01  -1.41769E-17  -1.55414E-02   1.33047E-01   3.39969E-18
 -1.58066E-02   5.72199E-01   1.66337E-16  -1.58066E-02   1.30712E-01   1.17589E-18
 -1.57007E-02   5.74101E-01  -7.91104E-17  -1.57007E-02   1.29045E-01   7.67538E-19
 -1.52382E-02   5.75966E-01  -3.31930E-17  -1.52382E-02   1.28086E-01  -7.71382E-18
 -1.44658E-02   5.77735E-01  -1.29408E-16  -1.44658E-02   1.27829E-01  -1.72846E-17
 -1.34467E-02   5.79316E-01   1.53227E-17  -1.34467E-02   1.28202E-01   3.58967E-18
 -1.22301E-02   5.80678E-01  -1.65781E-17  -1.22301E-02   1.29121E-01   4.50258E-18
 -1.08876E-02   5.81779E-01   5.97403E-18  -1.08876E-02   1.30466E-01   1.80337E-17
 -9.48041E-03   5.82612E-01  -1.00635E-16  -9.48041E-03   1.32122E-01  -9.10164E-18
 -8.07152E-03   5.83173E-01   1.90116E-17  -8.07152E-03   1.33977E-01  -1.13573E-17
 -6.70796E-03   5.83475E-01   1.57672E-18  -6.70796E-03   1.35944E-01  -7.03352E-18
 -5.43372E-03   5.83545E-01  -5.05847E-17  -5.43372E-03   1.37954E-01   1.51156E-17
 -4.28268E-03   5.83402E-01  -1.53327E-16  -4.28268E-03   1.39948E-01   1.24977E-17
 -3.28274E-03   5.83065E-01   4.34748E-17  -3.28274E-03   1.41878E-01   7.32698E-18
 -2.44732E-03   5.82567E-01   4.47486E-17  -2.44732E-03   1.43705E-01  -2.70854E-18
 -1.79422E-03   5.81931E-01   2.82693E-17  -1.79422E-03   1.45382E-01   1.76134E-17
 -1.32796E-03   5.81183E-01  -4.05266E-17  -1.32796E-03   1.46867E-01  -1.67625E-17
 -1.04718E-03   5.80360E-01   9.44055E-17  -1.04718E-03   1.48125E-01   3.04557E-17
 -9.45942E-04   5.79494E-01  -3.49281E-17  -9.45942E-04   1.49123E-01  -3.08201E-18
 -1.01300E-03   5.78621E-01   8.20921E-18  -1.01300E-03   1.49843E-01  -1.81205E-17
 -1.23156E-03   5.77772E-01   2.78338E-17  -1.23156E-03   1.50279E-01  -9.65042E-18
 -1.57840E-03   5.76980E-01   7.30046E-17  -1.57840E-03   1.50443E-01   6.65622E-18
 -2.03045E-03   5.76270E-01   9.21850E-17  -2.03045E-03   1.50355E-01   2.30101E-17
