The toroidal mode    1
 Perpend. k-vec  Curvature        Coriolis
  1.72998617E+00  -4.06554384E-01  -3.34709810E-01
  1.72998617E+00  -1.11085943E+00  -9.60307865E-01
  1.72998617E+00  -1.55332364E+00  -1.44791618E+00
  1.72998617E+00  -1.69751485E+00  -1.71158769E+00
  1.72998617E+00  -1.58065778E+00  -1.70624565E+00
  1.72998617E+00  -1.26433035E+00  -1.43817535E+00
  1.72998617E+00  -8.11222594E-01  -9.55617639E-01
  1.72998617E+00  -2.79014014E-01  -3.34456046E-01
  1.72998617E+00   2.79014014E-01   3.34456046E-01
  1.72998617E+00   8.11222594E-01   9.55617639E-01
  1.72998617E+00   1.26433035E+00   1.43817535E+00
  1.72998617E+00   1.58065778E+00   1.70624565E+00
  1.72998617E+00   1.69751485E+00   1.71158769E+00
  1.72998617E+00   1.55332364E+00   1.44791618E+00
  1.72998617E+00   1.11085943E+00   9.60307865E-01
  1.72998617E+00   4.06554384E-01   3.34709810E-01
The toroidal mode    2
 Perpend. k-vec  Curvature        Coriolis
  1.91471351E+00  -3.47351389E-01  -2.90563164E-01
  1.87041727E+00  -1.12280650E+00  -9.75048618E-01
  1.83434928E+00  -1.60525146E+00  -1.50043502E+00
  1.80648065E+00  -1.76642011E+00  -1.78484360E+00
  1.78474756E+00  -1.65353992E+00  -1.78838446E+00
  1.76707835E+00  -1.33543561E+00  -1.52226786E+00
  1.75190562E+00  -8.79196631E-01  -1.03872278E+00
  1.73808774E+00  -3.44900192E-01  -4.16374989E-01
  1.72472821E+00   2.13127835E-01   2.52537104E-01
  1.71101151E+00   7.43248557E-01   8.72512503E-01
  1.69605298E+00   1.19322510E+00   1.35408284E+00
  1.67873429E+00   1.50777564E+00   1.62410685E+00
  1.65751746E+00   1.62860958E+00   1.63833178E+00
  1.63034065E+00   1.50139581E+00   1.39539735E+00
  1.59505527E+00   1.09891236E+00   9.45567112E-01
  1.55135142E+00   4.65757379E-01   3.78856455E-01
  1.50355912E+00  -2.50552726E-01  -2.10870352E-01
  1.45923048E+00  -8.58316161E-01  -7.46403889E-01
  1.42309044E+00  -1.23541250E+00  -1.15569307E+00
  1.39514799E+00  -1.36224991E+00  -1.37732272E+00
  1.37335636E+00  -1.27719283E+00  -1.38213549E+00
  1.35564703E+00  -1.03440457E+00  -1.17984516E+00
  1.34045132E+00  -6.86048394E-01  -8.11194766E-01
  1.32662609E+00  -2.78468284E-01  -3.36742597E-01
  1.31327448E+00   1.46695927E-01   1.72904712E-01
  1.29958232E+00   5.50100321E-01   6.44984493E-01
  1.28466845E+00   8.92194059E-01   1.01166014E+00
  1.26742072E+00   1.13142855E+00   1.21785788E+00
  1.24631008E+00   1.22443938E+00   1.23081090E+00
  1.21928332E+00   1.13155685E+00   1.05065540E+00
  1.18418697E+00   8.34422016E-01   7.16922382E-01
  1.14066616E+00   3.68958716E-01   2.99163643E-01
  1.09296746E+00  -1.53754063E-01  -1.31177541E-01
  1.04860481E+00  -5.93825821E-01  -5.17759159E-01
  1.01235425E+00  -8.65573538E-01  -8.10951119E-01
  9.84291191E-01  -9.58079710E-01  -9.69801844E-01
  9.62401760E-01  -9.00845740E-01  -9.75886529E-01
  9.44625581E-01  -7.33373538E-01  -8.37422457E-01
  9.29393268E-01  -4.92900158E-01  -5.83666757E-01
  9.15560060E-01  -2.12036376E-01  -2.57110205E-01
  9.02229437E-01   8.02640192E-02   9.32723198E-02
  8.88590829E-01   3.56952084E-01   4.17456484E-01
  8.73771113E-01   5.91163023E-01   6.69237436E-01
  8.56672260E-01   7.55081461E-01   8.11608918E-01
  8.35786540E-01   8.20269175E-01   8.23290025E-01
  8.09085048E-01   7.61717892E-01   7.05913455E-01
  7.74417112E-01   5.69931676E-01   4.88277652E-01
  7.31350116E-01   2.72160053E-01   2.19470831E-01
  6.83952747E-01  -5.69554004E-02  -5.14847287E-02
  6.39621878E-01  -3.29335480E-01  -2.89114429E-01
  6.03209352E-01  -4.95734577E-01  -4.66209171E-01
  5.74931313E-01  -5.53909509E-01  -5.62280964E-01
  5.52858251E-01  -5.24498649E-01  -5.69637564E-01
  5.34959564E-01  -4.32342501E-01  -4.94999754E-01
  5.19672572E-01  -2.99751921E-01  -3.56138748E-01
  5.05855021E-01  -1.45604468E-01  -1.77477813E-01
  4.92617197E-01   1.38321112E-02   1.36399278E-02
  4.79164641E-01   1.63803847E-01   1.89928475E-01
  4.64655289E-01   2.90131986E-01   3.26814733E-01
  4.48045856E-01   3.78734370E-01   4.05359953E-01
  4.27919502E-01   4.16098974E-01   4.15769146E-01
  4.02381729E-01   3.91878931E-01   3.61171506E-01
  3.69419262E-01   3.05441336E-01   2.59632922E-01
  3.28561004E-01   1.75361390E-01   1.39778020E-01
  2.83426331E-01   3.98432624E-02   2.82080831E-02
  2.40802584E-01  -6.48451402E-02  -6.04696993E-02
  2.05396074E-01  -1.25895615E-01  -1.21467222E-01
  1.77731595E-01  -1.49739308E-01  -1.54760085E-01
  1.56246545E-01  -1.48151558E-01  -1.63388599E-01
  1.39181974E-01  -1.31311465E-01  -1.52577051E-01
  1.25191677E-01  -1.06603684E-01  -1.28610738E-01
  1.13375578E-01  -7.91725601E-02  -9.78454211E-02
  1.03204110E-01  -5.25997969E-02  -6.59924643E-02
  9.44959498E-02  -2.93443895E-02  -3.75995347E-02
  8.75143162E-02  -1.08990500E-02  -1.56079700E-02
  8.32373520E-02   2.38727867E-03  -8.89012521E-04
  8.37657487E-02   1.19287728E-02   8.24826670E-03
  9.23533211E-02   2.20399691E-02   1.64295575E-02
  1.12004279E-01   4.09509958E-02   3.09881926E-02
  1.42679058E-01   7.85627276E-02   6.00852079E-02
  1.79430345E-01   1.36641925E-01   1.07900895E-01
  2.14898258E-01   1.99645200E-01   1.68175030E-01
  2.44620545E-01   2.43943346E-01   2.23274727E-01
  2.68247393E-01   2.54430894E-01   2.52760794E-01
  2.87227017E-01   2.28195533E-01   2.42860367E-01
  3.03128930E-01   1.69719572E-01   1.89845652E-01
  3.17193898E-01   8.65445525E-02   9.89172709E-02
  3.30370066E-01  -1.27406520E-02  -1.82130290E-02
  3.43447396E-01  -1.19031705E-01  -1.45624856E-01
  3.57191622E-01  -2.22492626E-01  -2.65127544E-01
  3.72476325E-01  -3.11930086E-01  -3.58030673E-01
  3.90432406E-01  -3.73959813E-01  -4.07137978E-01
  4.12606277E-01  -3.92241428E-01  -3.99272613E-01
  4.40990766E-01  -3.47798992E-01  -3.28312391E-01
  4.77435823E-01  -2.23539344E-01  -1.97656537E-01
  5.21620488E-01  -1.82359353E-02  -1.96076040E-02
  5.68670073E-01   2.33440588E-01   1.87593707E-01
  6.11311932E-01   4.64135540E-01   3.96819760E-01
  6.45613285E-01   6.13782307E-01   5.68016675E-01
  6.72049438E-01   6.58601095E-01   6.60281674E-01
  6.92756361E-01   6.04542625E-01   6.49109332E-01
  7.09738201E-01   4.70750608E-01   5.32268355E-01
  7.24483693E-01   2.79692789E-01   3.26445280E-01
  7.38078843E-01   5.36912560E-02   6.14193630E-02
  7.51389897E-01  -1.85463613E-01  -2.25257248E-01
  7.65224062E-01  -4.15640863E-01  -4.92655553E-01
  7.80476848E-01  -6.12961123E-01  -7.00453376E-01
  7.98293248E-01  -7.50306904E-01  -8.13386943E-01
  8.20241927E-01  -7.96411630E-01  -8.06793492E-01
  8.48376222E-01  -7.17637954E-01  -6.73054340E-01
  8.84686730E-01  -4.88029684E-01  -4.26301267E-01
  9.29055538E-01  -1.15034598E-01  -9.93004158E-02
  9.76678911E-01   3.30239251E-01   2.67286519E-01
  1.02007300E+00   7.28625880E-01   6.25464490E-01
  1.05504477E+00   9.83621269E-01   9.12758624E-01
  1.08197499E+00   1.06277130E+00   1.06780255E+00
  1.10301815E+00   9.80889716E-01   1.05535830E+00
  1.12022101E+00   7.71781645E-01   8.74691058E-01
  1.13510656E+00   4.72841026E-01   5.53973290E-01
  1.14878284E+00   1.20123164E-01   1.41051755E-01
  1.16212869E+00  -2.51895521E-01  -3.04889640E-01
  1.17595728E+00  -6.08789100E-01  -7.20183563E-01
  1.19116550E+00  -9.13992159E-01  -1.04287608E+00
  1.20889718E+00  -1.12665400E+00  -1.21963591E+00
  1.23072147E+00  -1.20058183E+00  -1.21431437E+00
  1.25870458E+00  -1.08747692E+00  -1.01779629E+00
  1.29488297E+00  -7.52520025E-01  -6.54945997E-01
  1.33922593E+00  -2.11833261E-01  -1.78993228E-01
  1.38699076E+00   4.27037914E-01   3.46979330E-01
  1.43063665E+00   9.93116220E-01   8.54109220E-01
  1.46586085E+00   1.35346023E+00   1.25750057E+00
  1.49298859E+00   1.46694150E+00   1.47532343E+00
  1.51417051E+00   1.35723681E+00   1.46160726E+00
  1.53146582E+00   1.07281268E+00   1.21711376E+00
  1.54640966E+00   6.65989263E-01   7.81501299E-01
  1.56011836E+00   1.86555072E-01   2.20684147E-01
  1.57347546E+00  -3.18327429E-01  -3.84522032E-01
  1.58729607E+00  -8.01937336E-01  -9.47711572E-01
  1.60247684E+00  -1.21502320E+00  -1.38529878E+00
  1.62015997E+00  -1.50300109E+00  -1.62588487E+00
  1.64191336E+00  -1.60475203E+00  -1.62183525E+00
  1.66980773E+00  -1.45731588E+00  -1.36253824E+00
  1.70590118E+00  -1.01701036E+00  -8.83590726E-01
  1.75020960E+00  -3.08631924E-01  -2.58686039E-01
The toroidal mode    3
 Perpend. k-vec  Curvature        Coriolis
  2.10392925E+00  -2.88148394E-01  -2.46416519E-01
  2.01519905E+00  -1.13475357E+00  -9.89789372E-01
  1.94266984E+00  -1.65717928E+00  -1.55295385E+00
  1.88651126E+00  -1.83532538E+00  -1.85809951E+00
  1.84270562E+00  -1.72642206E+00  -1.87052327E+00
  1.80713503E+00  -1.40654087E+00  -1.60636037E+00
  1.77666088E+00  -9.47170668E-01  -1.12182791E+00
  1.74899340E+00  -4.10786371E-01  -4.98293932E-01
  1.72233989E+00   1.47241657E-01   1.70618161E-01
  1.69508055E+00   6.75274521E-01   7.89407366E-01
  1.66547190E+00   1.12211984E+00   1.26999033E+00
  1.63132275E+00   1.43489350E+00   1.54196804E+00
  1.58962522E+00   1.55970431E+00   1.56507588E+00
  1.53633096E+00   1.44946799E+00   1.34287852E+00
  1.46714291E+00   1.08696528E+00   9.30826358E-01
  1.38117526E+00   5.24960374E-01   4.23003101E-01
  1.28650786E+00  -9.45510683E-02  -8.70308950E-02
  1.19788725E+00  -6.05772893E-01  -5.32499912E-01
  1.12503239E+00  -9.17501362E-01  -8.63469951E-01
  1.06842054E+00  -1.02698498E+00  -1.04305775E+00
  1.02422393E+00  -9.73727880E-01  -1.05802534E+00
  9.88394799E-01  -8.04478795E-01  -9.21514967E-01
  9.57812645E-01  -5.60874194E-01  -6.66771894E-01
  9.30195938E-01  -2.77922555E-01  -3.39029148E-01
  9.03769854E-01   1.43778408E-02   1.13533771E-02
  8.76954213E-01   2.88978047E-01   3.34351347E-01
  8.48080905E-01   5.20057766E-01   5.85144925E-01
  8.15092073E-01   6.82199322E-01   7.29470113E-01
  7.75204765E-01   7.51363908E-01   7.50034116E-01
  7.24715695E-01   7.09790069E-01   6.53394623E-01
  6.59722288E-01   5.57984604E-01   4.73536899E-01
  5.79389947E-01   3.31363048E-01   2.63617477E-01
  4.90906539E-01   9.90462574E-02   7.23547286E-02
  4.07606518E-01  -7.67922125E-02  -7.52104527E-02
  3.38721477E-01  -1.77823439E-01  -1.73986054E-01
  2.85346669E-01  -2.18644575E-01  -2.28015994E-01
  2.44556470E-01  -2.21033697E-01  -2.45527404E-01
  2.13105801E-01  -2.02416722E-01  -2.36669562E-01
  1.88649977E-01  -1.74577721E-01  -2.11715875E-01
  1.69863519E-01  -1.45058739E-01  -1.79764364E-01
  1.56357758E-01  -1.18485975E-01  -1.47911407E-01
  1.48666981E-01  -9.73184264E-02  -1.20704671E-01
  1.48284692E-01  -8.20043073E-02  -9.97004805E-02
  1.57603347E-01  -7.04948609E-02  -8.30278181E-02
  1.79663806E-01  -5.69764946E-02  -6.50076425E-02
  2.17750813E-01  -2.98878541E-02  -3.60892747E-02
  2.74337788E-01   2.90039236E-02   1.62474392E-02
  3.47912184E-01   1.37765723E-01   1.04231853E-01
  4.29160275E-01   2.92643583E-01   2.31740352E-01
  5.04633369E-01   4.52188468E-01   3.82079007E-01
  5.66629641E-01   5.61854484E-01   5.15497843E-01
  6.15325567E-01   5.89695827E-01   5.87025765E-01
  6.54128144E-01   5.31660485E-01   5.66970526E-01
  6.86444785E-01   3.99645351E-01   4.48175844E-01
  7.14895183E-01   2.11718752E-01   2.43340144E-01
  7.41448113E-01  -1.21949225E-02  -2.04995797E-02
  7.67722674E-01  -2.51349791E-01  -3.07176191E-01
  7.95272034E-01  -4.83614900E-01  -5.75760690E-01
  8.25855941E-01  -6.84066380E-01  -7.84545886E-01
  8.61745380E-01  -8.23189043E-01  -8.95525749E-01
  9.06045416E-01  -8.65316897E-01  -8.80049401E-01
  9.62767133E-01  -7.69565777E-01  -7.25573172E-01
  1.03565994E+00  -4.99976757E-01  -4.41042020E-01
  1.12414217E+00  -5.58316031E-02  -5.51537703E-02
  1.21847052E+00   4.86240909E-01   3.91125976E-01
  1.30402038E+00   9.81169148E-01   8.39368466E-01
  1.37284690E+00   1.30153241E+00   1.20498174E+00
  1.42587901E+00   1.39803623E+00   1.40206752E+00
  1.46739972E+00   1.28435467E+00   1.37946846E+00
  1.50143310E+00   1.00170742E+00   1.13302125E+00
  1.53096832E+00   5.98015226E-01   6.98396162E-01
  1.55818470E+00   1.20668894E-01   1.38765204E-01
  1.58481892E+00  -3.84213608E-01  -4.66440975E-01
  1.61248749E+00  -8.69911373E-01  -1.03081671E+00
  1.64298213E+00  -1.28612845E+00  -1.46939129E+00
  1.67859285E+00  -1.57588323E+00  -1.70802368E+00
  1.72245757E+00  -1.67365730E+00  -1.69509116E+00
  1.77868722E+00  -1.50924370E+00  -1.41505707E+00
  1.85127641E+00  -1.02895744E+00  -8.98331480E-01
  1.94001312E+00  -2.49428929E-01  -2.14539394E-01
The toroidal mode    4
 Perpend. k-vec  Curvature        Coriolis
  2.29652422E+00  -2.28945399E-01  -2.02269873E-01
  2.16345822E+00  -1.14670065E+00  -1.00453013E+00
  2.05432192E+00  -1.70910711E+00  -1.60547268E+00
  1.96964700E+00  -1.90423065E+00  -1.93135542E+00
  1.90356838E+00  -1.79930420E+00  -1.95266207E+00
  1.84996365E+00  -1.47764613E+00  -1.69045288E+00
  1.80413521E+00  -1.01514470E+00  -1.20493305E+00
  1.76265111E+00  -4.76672549E-01  -5.80212874E-01
  1.72283317E+00   8.13554784E-02   8.86992185E-02
  1.68227975E+00   6.07300484E-01   7.06302230E-01
  1.63843063E+00   1.05101458E+00   1.18589782E+00
  1.58809554E+00   1.36201136E+00   1.45982924E+00
  1.52692001E+00   1.49079904E+00   1.49181997E+00
  1.44905440E+00   1.39754017E+00   1.29035969E+00
  1.34824818E+00   1.07501821E+00   9.16085605E-01
  1.22299376E+00   5.84163369E-01   4.67149746E-01
  1.08447659E+00   6.14505896E-02   3.68085623E-02
  9.53725837E-01  -3.53229625E-01  -3.18595936E-01
  8.45213949E-01  -5.99590223E-01  -5.71246835E-01
  7.60332630E-01  -6.91720044E-01  -7.08792783E-01
  6.93997881E-01  -6.70262928E-01  -7.33915175E-01
  6.40537539E-01  -5.74553016E-01  -6.63184775E-01
  5.95514962E-01  -4.35699995E-01  -5.22349021E-01
  5.55729467E-01  -2.77376825E-01  -3.41315698E-01
  5.18827949E-01  -1.17940246E-01  -1.50197958E-01
  4.82965407E-01   2.78557735E-02   2.37182015E-02
  4.46605807E-01   1.47921472E-01   1.58629712E-01
  4.08548147E-01   2.32970091E-01   2.41082342E-01
  3.68528107E-01   2.78288439E-01   2.69257328E-01
  3.29446837E-01   2.88023284E-01   2.56133842E-01
  3.02747924E-01   2.81547192E-01   2.30151416E-01
  3.10760999E-01   2.93767380E-01   2.28071311E-01
  3.63436657E-01   3.51846578E-01   2.75886998E-01
  4.38822532E-01   4.40241396E-01   3.67338253E-01
  5.12313813E-01   5.09926661E-01   4.62979011E-01
  5.75006830E-01   5.20790560E-01   5.13769855E-01
  6.27394849E-01   4.58778346E-01   4.84831721E-01
  6.72414994E-01   3.28540094E-01   3.64083334E-01
  7.12953742E-01   1.43744716E-01   1.60235007E-01
  7.51440161E-01  -7.80811009E-02  -1.02418522E-01
  7.90026275E-01  -3.17235970E-01  -3.89095134E-01
  8.30889142E-01  -5.51588937E-01  -6.58865827E-01
  8.76578184E-01  -7.55171638E-01  -8.68638397E-01
  9.30433502E-01  -8.96071183E-01  -9.77664554E-01
  9.97031579E-01  -9.34222165E-01  -9.53305310E-01
  1.08223960E+00  -8.21493600E-01  -7.78092004E-01
  1.19141521E+00  -5.11923829E-01  -4.55782774E-01
  1.32339028E+00   3.37139187E-03  -1.10071248E-02
The toroidal mode    5
 Perpend. k-vec  Curvature        Coriolis
  2.49171497E+00  -1.69742404E-01  -1.58123228E-01
  2.31452664E+00  -1.15864772E+00  -1.01927088E+00
  2.16879106E+00  -1.76103493E+00  -1.65799151E+00
  2.05551115E+00  -1.97313592E+00  -2.00461133E+00
  1.96706623E+00  -1.87218634E+00  -2.03480088E+00
  1.89537630E+00  -1.54875138E+00  -1.77454539E+00
  1.83420644E+00  -1.08311874E+00  -1.28803819E+00
  1.77899747E+00  -5.42558728E-01  -6.62131817E-01
  1.72620555E+00   1.54692999E-02   6.78027585E-03
  1.67268098E+00   5.39326447E-01   6.23197093E-01
  1.61510698E+00   9.79909324E-01   1.10180531E+00
  1.54940290E+00   1.28912923E+00   1.37769043E+00
  1.47006575E+00   1.42189378E+00   1.41856406E+00
  1.36979857E+00   1.34561235E+00   1.23784086E+00
  1.24096567E+00   1.06307114E+00   9.01344851E-01
  1.08208000E+00   6.43366364E-01   5.11296392E-01
  9.07552224E-01   2.17452247E-01   1.60648020E-01
  7.43862154E-01  -1.00686357E-01  -1.04691959E-01
  6.09305010E-01  -2.81679085E-01  -2.79023719E-01
  5.06149888E-01  -3.56455110E-01  -3.74527813E-01
  4.28838988E-01  -3.66797977E-01  -4.09805015E-01
  3.71309923E-01  -3.44627236E-01  -4.04854583E-01
  3.29406701E-01  -3.10525795E-01  -3.77926148E-01
  3.01079816E-01  -2.76831096E-01  -3.43602249E-01
  2.86072232E-01  -2.50258332E-01  -3.11749292E-01
  2.85543148E-01  -2.33266500E-01  -2.86914944E-01
  3.01694538E-01  -2.24214822E-01  -2.67885502E-01
  3.37586690E-01  -2.16259140E-01  -2.47305429E-01
  3.97366875E-01  -1.94787029E-01  -2.11519461E-01
  4.86434939E-01  -1.33743500E-01  -1.41126939E-01
  6.09563122E-01   5.10977917E-03  -1.32340676E-02
  7.64040807E-01   2.56171713E-01   1.92525144E-01
  9.31594759E-01   6.04646899E-01   4.79419267E-01
  1.08574328E+00   9.57275004E-01   8.09886960E-01
  1.21163557E+00   1.19767676E+00   1.09994408E+00
  1.31013723E+00   1.26022570E+00   1.25555570E+00
  1.38840428E+00   1.13859039E+00   1.21519085E+00
  1.45344453E+00   8.59496909E-01   9.64836229E-01
  1.51060072E+00   4.62067152E-01   5.32185889E-01
  1.56386583E+00  -1.11034633E-02  -2.50726810E-02
  1.61650835E+00  -5.15985965E-01  -6.30278860E-01
  1.67165138E+00  -1.00585945E+00  -1.19702698E+00
  1.73282395E+00  -1.42833897E+00  -1.63757631E+00
  1.80457486E+00  -1.72164751E+00  -1.87230129E+00
  1.89312382E+00  -1.81146783E+00  -1.84160298E+00
  2.00651439E+00  -1.61309935E+00  -1.52009473E+00
  2.15228921E+00  -1.05285158E+00  -9.27812987E-01
  2.32934107E+00  -1.31022939E-01  -1.26246103E-01
The toroidal mode    6
 Perpend. k-vec  Curvature        Coriolis
  2.68893627E+00  -1.10539409E-01  -1.13976582E-01
  2.46788846E+00  -1.17059479E+00  -1.03401163E+00
  2.28565405E+00  -1.81296275E+00  -1.71051035E+00
  2.14377589E+00  -2.04204118E+00  -2.07786724E+00
  2.03295227E+00  -1.94506848E+00  -2.11693968E+00
  1.94319184E+00  -1.61985664E+00  -1.85863790E+00
  1.86674907E+00  -1.15109278E+00  -1.37114332E+00
  1.79795917E+00  -6.08444906E-01  -7.44050760E-01
  1.73244024E+00  -5.04168786E-02  -7.51386668E-02
  1.66633957E+00   4.71352410E-01   5.40091956E-01
  1.59566399E+00   9.08804067E-01   1.01771280E+00
  1.51559219E+00   1.21624709E+00   1.29555163E+00
  1.41976550E+00   1.35298851E+00   1.34530815E+00
  1.30003126E+00   1.29368452E+00   1.18532202E+00
  1.14855398E+00   1.05112407E+00   8.86604098E-01
  9.66020349E-01   7.02569359E-01   5.55443037E-01
  7.73166965E-01   3.73453905E-01   2.84487477E-01
  6.05101366E-01   1.51856911E-01   1.09212017E-01
  4.86102675E-01   3.62320533E-02   1.31993978E-02
  4.19247479E-01  -2.11901761E-02  -4.02628424E-02
  3.94770971E-01  -6.33330249E-02  -8.56948557E-02
  3.99590339E-01  -1.14701457E-01  -1.46524390E-01
  4.23104215E-01  -1.85351595E-01  -2.33503275E-01
  4.59027153E-01  -2.76285366E-01  -3.45888800E-01
  5.04742106E-01  -3.82576419E-01  -4.73300627E-01
  5.60255839E-01  -4.94388774E-01  -5.97548090E-01
  6.27638243E-01  -5.96351116E-01  -6.94400715E-01
  7.11009594E-01  -6.65488371E-01  -7.35693200E-01
  8.16826071E-01  -6.67862498E-01  -6.92296249E-01
  9.53658238E-01  -5.55510285E-01  -5.38387720E-01
  1.12914400E+00  -2.71327633E-01  -2.56619551E-01
  1.34061575E+00   2.18576045E-01   1.56978978E-01
The toroidal mode    7
 Perpend. k-vec  Curvature        Coriolis
  2.88777212E+00  -5.13364140E-02  -6.98299367E-02
  2.62314147E+00  -1.18254186E+00  -1.04875239E+00
  2.40456189E+00  -1.86489058E+00  -1.76302918E+00
  2.23415672E+00  -2.11094645E+00  -2.15112315E+00
  2.10100184E+00  -2.01795062E+00  -2.19907849E+00
  1.99323733E+00  -1.69096190E+00  -1.94273042E+00
  1.90163622E+00  -1.21906682E+00  -1.45424846E+00
  1.81945444E+00  -6.74331085E-01  -8.25969702E-01
  1.74150649E+00  -1.16303057E-01  -1.57057609E-01
  1.66329279E+00   4.03378373E-01   4.56986820E-01
  1.58024489E+00   8.37698809E-01   9.33620289E-01
  1.48699645E+00   1.14336495E+00   1.21341282E+00
  1.37673783E+00   1.28408324E+00   1.27205224E+00
  1.24135332E+00   1.24175670E+00   1.13280319E+00
  1.07485558E+00   1.03917700E+00   8.71863345E-01
  8.84651496E-01   7.61772354E-01   5.99589683E-01
  7.06043786E-01   5.29455563E-01   4.08326934E-01
  5.89951904E-01   4.04400179E-01   3.23115993E-01
  5.56341862E-01   3.54143192E-01   3.05422514E-01
  5.80386016E-01   3.14074758E-01   2.94002128E-01
  6.30441737E-01   2.40131927E-01   2.38415304E-01
  6.89704631E-01   1.15224322E-01   1.11805802E-01
  7.52438221E-01  -6.01773950E-02  -8.90804026E-02
  8.17927782E-01  -2.75739636E-01  -3.48175350E-01
  8.87673508E-01  -5.14894505E-01  -6.34851962E-01
  9.64526170E-01  -7.55511047E-01  -9.08181236E-01
  1.05270473E+00  -9.68487409E-01  -1.12091593E+00
  1.15828373E+00  -1.11471760E+00  -1.22408097E+00
  1.28985509E+00  -1.14093797E+00  -1.17307304E+00
  1.45844797E+00  -9.77277070E-01  -9.35648501E-01
  1.67387373E+00  -5.47765046E-01  -5.00005034E-01
  1.93314487E+00   1.80980377E-01   1.21432812E-01
The toroidal mode    8
 Perpend. k-vec  Curvature        Coriolis
  3.08791065E+00   7.86658104E-03  -2.56832912E-02
  2.77996883E+00  -1.19448893E+00  -1.06349314E+00
  2.52522573E+00  -1.91681840E+00  -1.81554801E+00
  2.32640702E+00  -2.17985172E+00  -2.22437906E+00
  2.17101151E+00  -2.09083276E+00  -2.28121729E+00
  2.04534910E+00  -1.76206715E+00  -2.02682293E+00
  1.93874133E+00  -1.28704085E+00  -1.53735360E+00
  1.84339464E+00  -7.40217263E-01  -9.07888645E-01
  1.75336038E+00  -1.82189236E-01  -2.38976552E-01
  1.66355873E+00   3.35404336E-01   3.73881683E-01
  1.56896832E+00   7.66593552E-01   8.49527778E-01
  1.46392131E+00   1.07048281E+00   1.13127402E+00
  1.34168260E+00   1.21517797E+00   1.19879633E+00
  1.19539890E+00   1.18982888E+00   1.08028436E+00
  1.02391924E+00   1.02722992E+00   8.57122591E-01
  8.48018866E-01   8.20975349E-01   6.43736328E-01
  7.25108997E-01   6.85457221E-01   5.32166392E-01
  7.06411823E-01   6.56943447E-01   5.37019970E-01
  7.68709285E-01   6.72054330E-01   5.97645631E-01
  8.59898916E-01   6.49339692E-01   6.28267098E-01
  9.53279010E-01   5.43596878E-01   5.62525464E-01
  1.04208022E+00   3.45150101E-01   3.70135994E-01
  1.12691928E+00   6.49968049E-02   5.53424702E-02
  1.21059855E+00  -2.75193907E-01  -3.50461901E-01
  1.29670209E+00  -6.47212592E-01  -7.96403296E-01
  1.38953491E+00  -1.01663332E+00  -1.21881438E+00
  1.49458759E+00  -1.34062370E+00  -1.54743114E+00
  1.61932839E+00  -1.56394683E+00  -1.71246874E+00
  1.77410947E+00  -1.61401344E+00  -1.65384983E+00
  1.97216588E+00  -1.39904385E+00  -1.33290928E+00
  2.22536029E+00  -8.24202458E-01  -7.43390517E-01
  2.53044538E+00   1.43384709E-01   8.58866454E-02
The toroidal mode    9
 Perpend. k-vec  Curvature        Coriolis
  3.28911405E+00   6.70695760E-02   1.84633543E-02
  2.93811846E+00  -1.20643601E+00  -1.07823389E+00
  2.64740547E+00  -1.96874622E+00  -1.86806684E+00
  2.42031303E+00  -2.24875698E+00  -2.29763497E+00
  2.24279771E+00  -2.16371490E+00  -2.36335610E+00
  2.09937328E+00  -1.83317241E+00  -2.11091544E+00
  1.97793959E+00  -1.35501489E+00  -1.62045873E+00
  1.86968587E+00  -8.06103442E-01  -9.89807588E-01
  1.76794583E+00  -2.48075414E-01  -3.20895495E-01
  1.66713581E+00   2.67430299E-01   2.90776547E-01
  1.56192402E+00   6.95488295E-01   7.65435268E-01
  1.44663098E+00   9.97600667E-01   1.04913521E+00
  1.31523746E+00   1.14627271E+00   1.12554042E+00
  1.16367635E+00   1.13790105E+00   1.02776553E+00
  9.99231965E-01   1.01528285E+00   8.42381838E-01
  8.61845982E-01   8.80178344E-01   6.87882974E-01
  8.24404539E-01   8.41458879E-01   6.56005849E-01
  9.05025361E-01   9.09486715E-01   7.50923946E-01
  1.03946568E+00   9.89965468E-01   8.89868747E-01
  1.17622409E+00   9.84604625E-01   9.62532068E-01
  1.29988322E+00   8.47061830E-01   8.86635624E-01
  1.41081130E+00   5.75075880E-01   6.28466187E-01
  1.51339637E+00   1.90171005E-01   1.99765343E-01
  1.61255539E+00  -2.74648177E-01  -3.52748452E-01
  1.71323692E+00  -7.79530678E-01  -9.57954631E-01
  1.82081746E+00  -1.27775559E+00  -1.52944753E+00
  1.94184042E+00  -1.71276000E+00  -1.97394636E+00
  2.08502862E+00  -2.01317606E+00  -2.20085651E+00
  2.26239245E+00  -2.08708890E+00  -2.13462662E+00
  2.48929054E+00  -1.82081064E+00  -1.73017006E+00
  2.77958480E+00  -1.10063987E+00  -9.86776000E-01
  3.12978671E+00   1.05789041E-01   5.03404790E-02
The toroidal mode   10
 Perpend. k-vec  Curvature        Coriolis
  3.49119824E+00   1.26272571E-01   6.26099998E-02
  3.09738781E+00  -1.21838308E+00  -1.09297465E+00
  2.77090060E+00  -2.02067405E+00  -1.92058567E+00
  2.51568935E+00  -2.31766225E+00  -2.37089088E+00
  2.31619529E+00  -2.23659704E+00  -2.44549490E+00
  2.15516606E+00  -1.90427767E+00  -2.19500795E+00
  2.01910908E+00  -1.42298893E+00  -1.70356387E+00
  1.89823043E+00  -8.71989620E-01  -1.07172653E+00
  1.78519589E+00  -3.13961592E-01  -4.02814437E-01
  1.67400281E+00   1.99456263E-01   2.07671410E-01
  1.55916934E+00   6.24383037E-01   6.81342757E-01
  1.43533452E+00   9.24718527E-01   9.66996404E-01
  1.29792878E+00   1.07736744E+00   1.05228451E+00
  1.14736673E+00   1.08597323E+00   9.75246694E-01
  1.00273438E+00   1.00333578E+00   8.27641085E-01
  9.23869996E-01   9.39381339E-01   7.32029619E-01
The toroidal mode   11
 Perpend. k-vec  Curvature        Coriolis
  3.69401865E+00   1.85475566E-01   1.06756645E-01
  3.25761266E+00  -1.23033015E+00  -1.10771540E+00
  2.89554281E+00  -2.07260187E+00  -1.97310451E+00
  2.61237495E+00  -2.38656752E+00  -2.44414679E+00
  2.39105585E+00  -2.30947918E+00  -2.52763371E+00
  2.21259365E+00  -1.97538293E+00  -2.27910046E+00
  2.06213176E+00  -1.49096296E+00  -1.78666900E+00
  1.92892829E+00  -9.37875799E-01  -1.15364547E+00
  1.80503417E+00  -3.79847771E-01  -4.84733380E-01
  1.68411947E+00   1.31482226E-01   1.24566274E-01
  1.56072700E+00   5.53277780E-01   5.97250247E-01
  1.43017398E+00   8.51836388E-01   8.84857599E-01
  1.29012437E+00   1.00846217E+00   9.79028602E-01
  1.14712765E+00   1.03404541E+00   9.22727862E-01
  1.03414012E+00   9.91388706E-01   8.12900331E-01
  1.02538179E+00   9.98584334E-01   7.76176265E-01
The toroidal mode   12
 Perpend. k-vec  Curvature        Coriolis
  3.89746035E+00   2.44678561E-01   1.50903291E-01
  3.41865866E+00  -1.24227722E+00  -1.12245615E+00
  3.02119015E+00  -2.12452969E+00  -2.02562334E+00
  2.71022970E+00  -2.45547279E+00  -2.51740269E+00
  2.46724623E+00  -2.38236132E+00  -2.60977252E+00
  2.27153208E+00  -2.04648818E+00  -2.36319297E+00
  2.10689409E+00  -1.55893700E+00  -1.86977414E+00
  1.96167838E+00  -1.00376198E+00  -1.23556442E+00
  1.82737638E+00  -4.45733949E-01  -5.66652323E-01
  1.69742770E+00   6.35081889E-02   4.14611370E-02
  1.56658414E+00   4.82172523E-01   5.13157736E-01
  1.43121571E+00   7.78954248E-01   8.02718793E-01
  1.29199645E+00   9.39556904E-01   9.05772692E-01
  1.16296901E+00   9.82117583E-01   8.70209030E-01
  1.09104223E+00   9.79441634E-01   7.98159578E-01
  1.15602536E+00   1.05778733E+00   8.20322910E-01
The toroidal mode   13
 Perpend. k-vec  Curvature        Coriolis
  4.10143089E+00   3.03881556E-01   1.95049936E-01
  3.58041501E+00  -1.25422430E+00  -1.13719691E+00
  3.14772224E+00  -2.17645752E+00  -2.07814217E+00
  2.80913143E+00  -2.52437805E+00  -2.59065860E+00
  2.54464698E+00  -2.45524346E+00  -2.69191132E+00
  2.33186676E+00  -2.11759344E+00  -2.44728548E+00
  2.15328758E+00  -1.62691104E+00  -1.95287928E+00
  1.99637968E+00  -1.06964816E+00  -1.31748336E+00
  1.85213191E+00  -5.11620128E-01  -6.48571265E-01
  1.71385315E+00  -4.46584794E-03  -4.16439995E-02
  1.57669284E+00   4.11067266E-01   4.29065226E-01
  1.43844627E+00   7.06072108E-01   7.20579987E-01
  1.30350334E+00   8.70651636E-01   8.32516783E-01
  1.19425109E+00   9.30189760E-01   8.17690198E-01
  1.16972575E+00   9.67494562E-01   7.83418824E-01
  1.30709457E+00   1.11699032E+00   8.64469556E-01
The toroidal mode   14
 Perpend. k-vec  Curvature        Coriolis
  4.30585512E+00   3.63084551E-01   2.39196582E-01
  3.74278961E+00  -1.26617137E+00  -1.15193766E+00
  3.27503654E+00  -2.22838534E+00  -2.13066100E+00
  2.90897334E+00  -2.59328332E+00  -2.66391451E+00
  2.62315096E+00  -2.52812560E+00  -2.77405013E+00
  2.39349214E+00  -2.18869870E+00  -2.53137799E+00
  2.20120911E+00  -1.69488507E+00  -2.03598441E+00
  2.03293229E+00  -1.13553433E+00  -1.39940230E+00
  1.87920539E+00  -5.77506306E-01  -7.30490208E-01
  1.73330720E+00  -7.24398848E-02  -1.24749136E-01
  1.59097207E+00   3.39962008E-01   3.44972715E-01
  1.45177316E+00   6.33189969E-01   6.38441182E-01
  1.32439394E+00   8.01746369E-01   7.59260874E-01
  1.23980566E+00   8.78261937E-01   7.65171365E-01
  1.26613638E+00   9.55547490E-01   7.68678071E-01
  1.47231538E+00   1.17619332E+00   9.08616201E-01
The toroidal mode   15
 Perpend. k-vec  Curvature        Coriolis
  4.51067135E+00   4.22287546E-01   2.83343227E-01
  3.90570536E+00  -1.27811844E+00  -1.16667841E+00
  3.40304526E+00  -2.28031316E+00  -2.18317984E+00
  3.00966188E+00  -2.66218859E+00  -2.73717042E+00
  2.70266203E+00  -2.60100774E+00  -2.85618893E+00
  2.45631104E+00  -2.25980396E+00  -2.61547050E+00
  2.25056106E+00  -1.76285911E+00  -2.11908955E+00
  2.07123818E+00  -1.20142051E+00  -1.48132124E+00
  1.90849816E+00  -6.43392485E-01  -8.12409151E-01
  1.75568918E+00  -1.40413922E-01  -2.07854273E-01
  1.60931081E+00   2.68856751E-01   2.60880205E-01
  1.47103072E+00   5.60307829E-01   5.56302376E-01
  1.35423404E+00   7.32841101E-01   6.86004965E-01
  1.29813101E+00   8.26334114E-01   7.12652533E-01
  1.37655444E+00   9.43600418E-01   7.53937318E-01
  1.64743550E+00   1.23539631E+00   9.52762847E-01
The toroidal mode   16
 Perpend. k-vec  Curvature        Coriolis
  4.71582851E+00   4.81490541E-01   3.27489873E-01
  4.06909725E+00  -1.29006551E+00  -1.18141917E+00
  3.53167289E+00  -2.33224099E+00  -2.23569867E+00
  3.11111484E+00  -2.73109386E+00  -2.81042633E+00
  2.78309389E+00  -2.67388988E+00  -2.93832774E+00
  2.52023424E+00  -2.33090921E+00  -2.69956301E+00
  2.30125141E+00  -1.83083315E+00  -2.20219469E+00
  2.11120194E+00  -1.26730669E+00  -1.56324019E+00
  1.93990970E+00  -7.09278663E-01  -8.94328093E-01
  1.78088870E+00  -2.08387958E-01  -2.90959409E-01
  1.63157218E+00   1.97751494E-01   1.76787694E-01
  1.49598993E+00   4.87425690E-01   4.74163571E-01
  1.39244840E+00   6.63935834E-01   6.12749056E-01
  1.36759418E+00   7.74406290E-01   6.60133701E-01
  1.49788543E+00   9.31653345E-01   7.39196564E-01
  1.82961462E+00   1.29459931E+00   9.96909492E-01
The toroidal mode   17
 Perpend. k-vec  Curvature        Coriolis
  4.92128396E+00   5.40693536E-01   3.71636518E-01
  4.23291015E+00  -1.30201258E+00  -1.19615992E+00
  3.66085419E+00  -2.38416881E+00  -2.28821750E+00
  3.21325982E+00  -2.79999912E+00  -2.88368224E+00
  2.86436896E+00  -2.74677202E+00  -3.02046654E+00
  2.58517982E+00  -2.40201447E+00  -2.78365552E+00
  2.35319367E+00  -1.89880718E+00  -2.28529982E+00
  2.15273123E+00  -1.33319287E+00  -1.64515913E+00
  1.97333883E+00  -7.75164842E-01  -9.76247036E-01
  1.80878801E+00  -2.76361995E-01  -3.74064546E-01
  1.65759815E+00   1.26646236E-01   9.26951836E-02
  1.52637111E+00   4.14543550E-01   3.92024765E-01
  1.43836973E+00   5.95030567E-01   5.39493147E-01
  1.44659159E+00   7.22478467E-01   6.07614869E-01
  1.62769076E+00   9.19706273E-01   7.24455811E-01
  2.01694083E+00   1.35380230E+00   1.04105614E+00
The toroidal mode   18
 Perpend. k-vec  Curvature        Coriolis
  5.12700184E+00   5.99896531E-01   4.15783164E-01
  4.39709700E+00  -1.31395966E+00  -1.21090067E+00
  3.79053255E+00  -2.43609663E+00  -2.34073633E+00
  3.31603287E+00  -2.86890439E+00  -2.95693815E+00
  2.94641747E+00  -2.81965416E+00  -3.10260535E+00
  2.65107263E+00  -2.47311973E+00  -2.86774803E+00
  2.40630676E+00  -1.96678122E+00  -2.36840496E+00
  2.19573722E+00  -1.39907905E+00  -1.72707807E+00
  2.00868483E+00  -8.41051020E-01  -1.05816598E+00
  1.83926424E+00  -3.44336032E-01  -4.57169682E-01
  1.68721452E+00   5.55409791E-02   8.60267307E-03
  1.56185789E+00   3.41661410E-01   3.09885959E-01
  1.49128622E+00   5.26125299E-01   4.66237237E-01
  1.53365063E+00   6.70550644E-01   5.55096037E-01
  1.76410076E+00   9.07759201E-01   7.09715057E-01
  2.20810457E+00   1.41300530E+00   1.08520278E+00
The toroidal mode   19
 Perpend. k-vec  Curvature        Coriolis
  5.33295178E+00   6.59099526E-01   4.59929809E-01
  4.56161743E+00  -1.32590673E+00  -1.22564143E+00
  3.92065866E+00  -2.48802446E+00  -2.39325516E+00
  3.41937735E+00  -2.93780966E+00  -3.03019406E+00
  3.02917657E+00  -2.89253630E+00  -3.18474416E+00
  2.71784378E+00  -2.54422498E+00  -2.95184054E+00
  2.46051487E+00  -2.03475526E+00  -2.45151010E+00
  2.24013487E+00  -1.46496523E+00  -1.80899701E+00
  2.04584834E+00  -9.06937199E-01  -1.14008492E+00
  1.87219156E+00  -4.12310069E-01  -5.40274819E-01
  1.72023586E+00  -1.55642782E-02  -7.54898375E-02
  1.60211104E+00   2.68779271E-01   2.27747154E-01
  1.55048183E+00   4.57220032E-01   3.92981328E-01
  1.62747809E+00   6.18622821E-01   5.02577204E-01
  1.90569766E+00   8.95812129E-01   6.94974304E-01
  2.40218984E+00   1.47220829E+00   1.12934943E+00
The toroidal mode   20
 Perpend. k-vec  Curvature        Coriolis
  5.53910790E+00   7.18302521E-01   5.04076455E-01
  4.72643660E+00  -1.33785380E+00  -1.24038218E+00
  4.05118937E+00  -2.53995228E+00  -2.44577400E+00
  3.52324299E+00  -3.00671493E+00  -3.10344997E+00
  3.11258957E+00  -2.96541844E+00  -3.26688296E+00
  2.78543012E+00  -2.61533024E+00  -3.03593305E+00
  2.51574722E+00  -2.10272929E+00  -2.53461523E+00
  2.28584308E+00  -1.53085140E+00  -1.89091596E+00
  2.08473216E+00  -9.72823377E-01  -1.22200386E+00
  1.90744305E+00  -4.80284106E-01  -6.23379956E-01
  1.75647013E+00  -8.66695355E-02  -1.59582348E-01
  1.64678108E+00   1.95897131E-01   1.45608348E-01
  1.61526636E+00   3.88314764E-01   3.19725419E-01
  1.72697113E+00   5.66694998E-01   4.50058372E-01
  2.05140768E+00   8.83865057E-01   6.80233551E-01
  2.59854209E+00   1.53141129E+00   1.17349607E+00
The toroidal mode   21
 Perpend. k-vec  Curvature        Coriolis
  5.74544800E+00   7.77505516E-01   5.48223100E-01
  4.89152431E+00  -1.34980087E+00  -1.25512293E+00
  4.18208680E+00  -2.59188010E+00  -2.49829283E+00
  3.62758502E+00  -3.07562019E+00  -3.17670588E+00
  3.19660530E+00  -3.03830058E+00  -3.34902177E+00
  2.85377371E+00  -2.68643550E+00  -3.12002556E+00
  2.57193781E+00  -2.17070333E+00  -2.61772037E+00
  2.33278482E+00  -1.59673758E+00  -1.97283490E+00
  2.12524188E+00  -1.03870956E+00  -1.30392281E+00
  1.94489232E+00  -5.48258143E-01  -7.06485092E-01
  1.79572286E+00  -1.57774793E-01  -2.43674859E-01
  1.69551894E+00   1.23014992E-01   6.34695427E-02
  1.68499528E+00   3.19409497E-01   2.46469510E-01
  1.83120651E+00   5.14767175E-01   3.97539540E-01
  2.20041387E+00   8.71917984E-01   6.65492797E-01
  2.79668389E+00   1.59061428E+00   1.21764272E+00
