 -3.12493E+00
 -3.36094E+00
 -1.47851E+00
  1.23392E-01
 -2.81372E-01
 -1.38853E+00
 -1.20376E-01
  1.28777E+00
 -1.07859E-01
  9.92192E-01
  2.56473E+00
  8.50822E-01
 -3.43248E-01
  8.90319E-01
  1.34866E-01
 -6.65922E-02
  4.70356E-01
  2.55209E+00
  4.80720E+00
  2.33048E+00
  1.41367E+00
  1.98229E+00
  6.56215E-01
  3.20995E-01
  5.91037E-01
  8.17151E-01
  3.98405E-01
  3.69485E-01
  5.26390E-01
  4.48621E-01
  1.59446E-01
  4.02093E-01
  3.40362E-01
  3.12877E-01
  3.35862E-01
  4.17833E-01
  4.70841E-01
  4.50761E-01
  5.81464E-01
  6.38819E-01
  5.29200E-01
  6.24024E-01
  6.49166E-01
  6.41716E-01
  6.44742E-01
  7.40447E-01
  8.15642E-01
  8.50161E-01
  9.26608E-01
  1.04993E+00
  1.03547E+00
  1.01842E+00
  1.01694E+00
  9.56174E-01
  8.92474E-01
  8.39186E-01
  8.14752E-01
  7.80098E-01
  7.44245E-01
  7.37365E-01
  7.25377E-01
  6.93396E-01
  6.86215E-01
  6.74538E-01
  6.62172E-01
  6.49648E-01
  6.48153E-01
  6.50319E-01
  6.48366E-01
  6.52237E-01
  6.64291E-01
  6.68449E-01
  6.78696E-01
  6.90417E-01
  7.01469E-01
  7.11240E-01
  7.22863E-01
  7.36314E-01
  7.46617E-01
  7.55525E-01
  7.66705E-01
  7.73557E-01
  7.77465E-01
  7.80873E-01
  7.82137E-01
  7.80633E-01
  7.77227E-01
  7.73682E-01
  7.69428E-01
  7.63385E-01
  7.58023E-01
  7.52886E-01
  7.46689E-01
  7.41088E-01
  7.35980E-01
  7.31244E-01
  7.26712E-01
  7.23105E-01
  7.20608E-01
  7.18512E-01
