NS
     80.
Rref
 -1.00000E+02
R0
  1.17700E+00
lfun
  2.00000E+00
Bref
 -1.00000E+02
eps
  1.77000E-01
q
  1.57000E+00
shat
  1.07000E+00
bmin
  8.49618E-01
bmax
  1.21507E+00
kthnorm
  1.41171E+00
krnorm
  1.00000E+00
beta_eq
 -1.00000E+02
betaprime_eq
 -1.00000E+02
jfunh
 -7.08000E-01
jfunl
  0.00000E+00
Jacobian
  6.98768E+00
s_grid
 -2.46875E+00 -2.40625E+00 -2.34375E+00 -2.28125E+00 -2.21875E+00
 -2.15625E+00 -2.09375E+00 -2.03125E+00 -1.96875E+00 -1.90625E+00
 -1.84375E+00 -1.78125E+00 -1.71875E+00 -1.65625E+00 -1.59375E+00
 -1.53125E+00 -1.46875E+00 -1.40625E+00 -1.34375E+00 -1.28125E+00
 -1.21875E+00 -1.15625E+00 -1.09375E+00 -1.03125E+00 -9.68750E-01
 -9.06250E-01 -8.43750E-01 -7.81250E-01 -7.18750E-01 -6.56250E-01
 -5.93750E-01 -5.31250E-01 -4.68750E-01 -4.06250E-01 -3.43750E-01
 -2.81250E-01 -2.18750E-01 -1.56250E-01 -9.37500E-02 -3.12500E-02
  3.12500E-02  9.37500E-02  1.56250E-01  2.18750E-01  2.81250E-01
  3.43750E-01  4.06250E-01  4.68750E-01  5.31250E-01  5.93750E-01
  6.56250E-01  7.18750E-01  7.81250E-01  8.43750E-01  9.06250E-01
  9.68750E-01  1.03125E+00  1.09375E+00  1.15625E+00  1.21875E+00
  1.28125E+00  1.34375E+00  1.40625E+00  1.46875E+00  1.53125E+00
  1.59375E+00  1.65625E+00  1.71875E+00  1.78125E+00  1.84375E+00
  1.90625E+00  1.96875E+00  2.03125E+00  2.09375E+00  2.15625E+00
  2.21875E+00  2.28125E+00  2.34375E+00  2.40625E+00  2.46875E+00
bn
  1.21007E+00  1.17257E+00  1.10906E+00  1.03577E+00  9.66622E-01
  9.10468E-01  8.71710E-01  8.52080E-01  8.52080E-01  8.71710E-01
  9.10468E-01  9.66622E-01  1.03577E+00  1.10906E+00  1.17257E+00
  1.21007E+00  1.21007E+00  1.17257E+00  1.10906E+00  1.03577E+00
  9.66622E-01  9.10468E-01  8.71710E-01  8.52080E-01  8.52080E-01
  8.71710E-01  9.10468E-01  9.66622E-01  1.03577E+00  1.10906E+00
  1.17257E+00  1.21007E+00  1.21007E+00  1.17257E+00  1.10906E+00
  1.03577E+00  9.66622E-01  9.10468E-01  8.71710E-01  8.52080E-01
  8.52080E-01  8.71710E-01  9.10468E-01  9.66622E-01  1.03577E+00
  1.10906E+00  1.17257E+00  1.21007E+00  1.21007E+00  1.17257E+00
  1.10906E+00  1.03577E+00  9.66622E-01  9.10468E-01  8.71710E-01
  8.52080E-01  8.52080E-01  8.71710E-01  9.10468E-01  9.66622E-01
  1.03577E+00  1.10906E+00  1.17257E+00  1.21007E+00  1.21007E+00
  1.17257E+00  1.10906E+00  1.03577E+00  9.66622E-01  9.10468E-01
  8.71710E-01  8.52080E-01  8.52080E-01  8.71710E-01  9.10468E-01
  9.66622E-01  1.03577E+00  1.10906E+00  1.17257E+00  1.21007E+00
poloidal_angle
 -1.55116E+01 -1.51189E+01 -1.47262E+01 -1.43335E+01 -1.39408E+01
 -1.35481E+01 -1.31554E+01 -1.27627E+01 -1.23700E+01 -1.19773E+01
 -1.15846E+01 -1.11919E+01 -1.07992E+01 -1.04065E+01 -1.00138E+01
 -9.62113E+00 -9.22843E+00 -8.83573E+00 -8.44303E+00 -8.05033E+00
 -7.65763E+00 -7.26493E+00 -6.87223E+00 -6.47953E+00 -6.08684E+00
 -5.69414E+00 -5.30144E+00 -4.90874E+00 -4.51604E+00 -4.12334E+00
 -3.73064E+00 -3.33794E+00 -2.94524E+00 -2.55254E+00 -2.15984E+00
 -1.76715E+00 -1.37445E+00 -9.81748E-01 -5.89049E-01 -1.96350E-01
  1.96350E-01  5.89049E-01  9.81748E-01  1.37445E+00  1.76715E+00
  2.15984E+00  2.55254E+00  2.94524E+00  3.33794E+00  3.73064E+00
  4.12334E+00  4.51604E+00  4.90874E+00  5.30144E+00  5.69414E+00
  6.08684E+00  6.47953E+00  6.87223E+00  7.26493E+00  7.65763E+00
  8.05033E+00  8.44303E+00  8.83573E+00  9.22843E+00  9.62113E+00
  1.00138E+01  1.04065E+01  1.07992E+01  1.11919E+01  1.15846E+01
  1.19773E+01  1.23700E+01  1.27627E+01  1.31554E+01  1.35481E+01
  1.39408E+01  1.43335E+01  1.47262E+01  1.51189E+01  1.55116E+01
g_eps_eps
  1.00000E+00  1.00000E+00  1.00000E+00  1.00000E+00  1.00000E+00
  1.00000E+00  1.00000E+00  1.00000E+00  1.00000E+00  1.00000E+00
  1.00000E+00  1.00000E+00  1.00000E+00  1.00000E+00  1.00000E+00
  1.00000E+00  1.00000E+00  1.00000E+00  1.00000E+00  1.00000E+00
  1.00000E+00  1.00000E+00  1.00000E+00  1.00000E+00  1.00000E+00
  1.00000E+00  1.00000E+00  1.00000E+00  1.00000E+00  1.00000E+00
  1.00000E+00  1.00000E+00  1.00000E+00  1.00000E+00  1.00000E+00
  1.00000E+00  1.00000E+00  1.00000E+00  1.00000E+00  1.00000E+00
  1.00000E+00  1.00000E+00  1.00000E+00  1.00000E+00  1.00000E+00
  1.00000E+00  1.00000E+00  1.00000E+00  1.00000E+00  1.00000E+00
  1.00000E+00  1.00000E+00  1.00000E+00  1.00000E+00  1.00000E+00
  1.00000E+00  1.00000E+00  1.00000E+00  1.00000E+00  1.00000E+00
  1.00000E+00  1.00000E+00  1.00000E+00  1.00000E+00  1.00000E+00
  1.00000E+00  1.00000E+00  1.00000E+00  1.00000E+00  1.00000E+00
  1.00000E+00  1.00000E+00  1.00000E+00  1.00000E+00  1.00000E+00
  1.00000E+00  1.00000E+00  1.00000E+00  1.00000E+00  1.00000E+00
g_eps_zeta
 -2.34308E+01 -2.28376E+01 -2.22444E+01 -2.16513E+01 -2.10581E+01
 -2.04649E+01 -1.98717E+01 -1.92785E+01 -1.86853E+01 -1.80921E+01
 -1.74990E+01 -1.69058E+01 -1.63126E+01 -1.57194E+01 -1.51262E+01
 -1.45330E+01 -1.39398E+01 -1.33467E+01 -1.27535E+01 -1.21603E+01
 -1.15671E+01 -1.09739E+01 -1.03807E+01 -9.78755E+00 -9.19437E+00
 -8.60118E+00 -8.00800E+00 -7.41481E+00 -6.82163E+00 -6.22844E+00
 -5.63526E+00 -5.04207E+00 -4.44889E+00 -3.85570E+00 -3.26252E+00
 -2.66933E+00 -2.07615E+00 -1.48296E+00 -8.89778E-01 -2.96593E-01
  2.96593E-01  8.89778E-01  1.48296E+00  2.07615E+00  2.66933E+00
  3.26252E+00  3.85570E+00  4.44889E+00  5.04207E+00  5.63526E+00
  6.22844E+00  6.82163E+00  7.41481E+00  8.00800E+00  8.60118E+00
  9.19437E+00  9.78755E+00  1.03807E+01  1.09739E+01  1.15671E+01
  1.21603E+01  1.27535E+01  1.33467E+01  1.39398E+01  1.45330E+01
  1.51262E+01  1.57194E+01  1.63126E+01  1.69058E+01  1.74990E+01
  1.80921E+01  1.86853E+01  1.92785E+01  1.98717E+01  2.04649E+01
  2.10581E+01  2.16513E+01  2.22444E+01  2.28376E+01  2.34308E+01
g_eps_s
  0.00000E+00  0.00000E+00  0.00000E+00  0.00000E+00  0.00000E+00
  0.00000E+00  0.00000E+00  0.00000E+00  0.00000E+00  0.00000E+00
  0.00000E+00  0.00000E+00  0.00000E+00  0.00000E+00  0.00000E+00
  0.00000E+00  0.00000E+00  0.00000E+00  0.00000E+00  0.00000E+00
  0.00000E+00  0.00000E+00  0.00000E+00  0.00000E+00  0.00000E+00
  0.00000E+00  0.00000E+00  0.00000E+00  0.00000E+00  0.00000E+00
  0.00000E+00  0.00000E+00  0.00000E+00  0.00000E+00  0.00000E+00
  0.00000E+00  0.00000E+00  0.00000E+00  0.00000E+00  0.00000E+00
  0.00000E+00  0.00000E+00  0.00000E+00  0.00000E+00  0.00000E+00
  0.00000E+00  0.00000E+00  0.00000E+00  0.00000E+00  0.00000E+00
  0.00000E+00  0.00000E+00  0.00000E+00  0.00000E+00  0.00000E+00
  0.00000E+00  0.00000E+00  0.00000E+00  0.00000E+00  0.00000E+00
  0.00000E+00  0.00000E+00  0.00000E+00  0.00000E+00  0.00000E+00
  0.00000E+00  0.00000E+00  0.00000E+00  0.00000E+00  0.00000E+00
  0.00000E+00  0.00000E+00  0.00000E+00  0.00000E+00  0.00000E+00
  0.00000E+00  0.00000E+00  0.00000E+00  0.00000E+00  0.00000E+00
g_zeta_zeta
  5.50996E+02  5.23550E+02  4.96808E+02  4.70770E+02  4.45435E+02
  4.20804E+02  3.96877E+02  3.73654E+02  3.51134E+02  3.29319E+02
  3.08206E+02  2.87798E+02  2.68093E+02  2.49093E+02  2.30795E+02
  2.13202E+02  1.96312E+02  1.80126E+02  1.64644E+02  1.49866E+02
  1.35791E+02  1.22420E+02  1.09753E+02  9.77891E+01  8.65293E+01
  7.59733E+01  6.61210E+01  5.69724E+01  4.85275E+01  4.07864E+01
  3.37491E+01  2.74154E+01  2.17855E+01  1.68594E+01  1.26370E+01
  9.11827E+00  6.30332E+00  4.19211E+00  2.78464E+00  2.08090E+00
  2.08090E+00  2.78464E+00  4.19211E+00  6.30332E+00  9.11827E+00
  1.26370E+01  1.68594E+01  2.17855E+01  2.74154E+01  3.37491E+01
  4.07864E+01  4.85275E+01  5.69724E+01  6.61210E+01  7.59733E+01
  8.65293E+01  9.77891E+01  1.09753E+02  1.22420E+02  1.35791E+02
  1.49866E+02  1.64644E+02  1.80126E+02  1.96312E+02  2.13202E+02
  2.30795E+02  2.49093E+02  2.68093E+02  2.87798E+02  3.08206E+02
  3.29319E+02  3.51134E+02  3.73654E+02  3.96877E+02  4.20804E+02
  4.45435E+02  4.70770E+02  4.96808E+02  5.23550E+02  5.50996E+02
g_zeta_s
  1.26939E+00  1.26939E+00  1.26939E+00  1.26939E+00  1.26939E+00
  1.26939E+00  1.26939E+00  1.26939E+00  1.26939E+00  1.26939E+00
  1.26939E+00  1.26939E+00  1.26939E+00  1.26939E+00  1.26939E+00
  1.26939E+00  1.26939E+00  1.26939E+00  1.26939E+00  1.26939E+00
  1.26939E+00  1.26939E+00  1.26939E+00  1.26939E+00  1.26939E+00
  1.26939E+00  1.26939E+00  1.26939E+00  1.26939E+00  1.26939E+00
  1.26939E+00  1.26939E+00  1.26939E+00  1.26939E+00  1.26939E+00
  1.26939E+00  1.26939E+00  1.26939E+00  1.26939E+00  1.26939E+00
  1.26939E+00  1.26939E+00  1.26939E+00  1.26939E+00  1.26939E+00
  1.26939E+00  1.26939E+00  1.26939E+00  1.26939E+00  1.26939E+00
  1.26939E+00  1.26939E+00  1.26939E+00  1.26939E+00  1.26939E+00
  1.26939E+00  1.26939E+00  1.26939E+00  1.26939E+00  1.26939E+00
  1.26939E+00  1.26939E+00  1.26939E+00  1.26939E+00  1.26939E+00
  1.26939E+00  1.26939E+00  1.26939E+00  1.26939E+00  1.26939E+00
  1.26939E+00  1.26939E+00  1.26939E+00  1.26939E+00  1.26939E+00
  1.26939E+00  1.26939E+00  1.26939E+00  1.26939E+00  1.26939E+00
g_s_s
  8.08526E-01  8.08526E-01  8.08526E-01  8.08526E-01  8.08526E-01
  8.08526E-01  8.08526E-01  8.08526E-01  8.08526E-01  8.08526E-01
  8.08526E-01  8.08526E-01  8.08526E-01  8.08526E-01  8.08526E-01
  8.08526E-01  8.08526E-01  8.08526E-01  8.08526E-01  8.08526E-01
  8.08526E-01  8.08526E-01  8.08526E-01  8.08526E-01  8.08526E-01
  8.08526E-01  8.08526E-01  8.08526E-01  8.08526E-01  8.08526E-01
  8.08526E-01  8.08526E-01  8.08526E-01  8.08526E-01  8.08526E-01
  8.08526E-01  8.08526E-01  8.08526E-01  8.08526E-01  8.08526E-01
  8.08526E-01  8.08526E-01  8.08526E-01  8.08526E-01  8.08526E-01
  8.08526E-01  8.08526E-01  8.08526E-01  8.08526E-01  8.08526E-01
  8.08526E-01  8.08526E-01  8.08526E-01  8.08526E-01  8.08526E-01
  8.08526E-01  8.08526E-01  8.08526E-01  8.08526E-01  8.08526E-01
  8.08526E-01  8.08526E-01  8.08526E-01  8.08526E-01  8.08526E-01
  8.08526E-01  8.08526E-01  8.08526E-01  8.08526E-01  8.08526E-01
  8.08526E-01  8.08526E-01  8.08526E-01  8.08526E-01  8.08526E-01
  8.08526E-01  8.08526E-01  8.08526E-01  8.08526E-01  8.08526E-01
D_eps
  1.95090E-01  5.55570E-01  8.31470E-01  9.80785E-01  9.80785E-01
  8.31470E-01  5.55570E-01  1.95090E-01 -1.95090E-01 -5.55570E-01
 -8.31470E-01 -9.80785E-01 -9.80785E-01 -8.31470E-01 -5.55570E-01
 -1.95090E-01  1.95090E-01  5.55570E-01  8.31470E-01  9.80785E-01
  9.80785E-01  8.31470E-01  5.55570E-01  1.95090E-01 -1.95090E-01
 -5.55570E-01 -8.31470E-01 -9.80785E-01 -9.80785E-01 -8.31470E-01
 -5.55570E-01 -1.95090E-01  1.95090E-01  5.55570E-01  8.31470E-01
  9.80785E-01  9.80785E-01  8.31470E-01  5.55570E-01  1.95090E-01
 -1.95090E-01 -5.55570E-01 -8.31470E-01 -9.80785E-01 -9.80785E-01
 -8.31470E-01 -5.55570E-01 -1.95090E-01  1.95090E-01  5.55570E-01
  8.31470E-01  9.80785E-01  9.80785E-01  8.31470E-01  5.55570E-01
  1.95090E-01 -1.95090E-01 -5.55570E-01 -8.31470E-01 -9.80785E-01
 -9.80785E-01 -8.31470E-01 -5.55570E-01 -1.95090E-01  1.95090E-01
  5.55570E-01  8.31470E-01  9.80785E-01  9.80785E-01  8.31470E-01
  5.55570E-01  1.95090E-01 -1.95090E-01 -5.55570E-01 -8.31470E-01
 -9.80785E-01 -9.80785E-01 -8.31470E-01 -5.55570E-01 -1.95090E-01
D_zeta
 -3.18654E+00 -1.15141E+01 -1.77113E+01 -2.09598E+01 -2.09289E+01
 -1.78002E+01 -1.22139E+01 -5.14564E+00  2.26074E+00  8.87766E+00
  1.37655E+01  1.63055E+01  1.62746E+01  1.38545E+01  9.57747E+00
  4.21984E+00 -1.33494E+00 -6.24121E+00 -9.81982E+00 -1.16512E+01
 -1.16203E+01 -9.90879E+00 -6.94103E+00 -3.29404E+00  4.09145E-01
  3.60476E+00  5.87410E+00  6.99693E+00  6.96596E+00  5.96307E+00
  4.30458E+00  2.36825E+00  5.16653E-01 -9.68317E-01 -1.92838E+00
 -2.34263E+00 -2.31167E+00 -2.01734E+00 -1.66813E+00 -1.44245E+00
 -1.44245E+00 -1.66813E+00 -2.01734E+00 -2.31167E+00 -2.34263E+00
 -1.92838E+00 -9.68317E-01  5.16653E-01  2.36825E+00  4.30458E+00
  5.96307E+00  6.96596E+00  6.99693E+00  5.87410E+00  3.60476E+00
  4.09145E-01 -3.29404E+00 -6.94103E+00 -9.90879E+00 -1.16203E+01
 -1.16512E+01 -9.81982E+00 -6.24121E+00 -1.33494E+00  4.21984E+00
  9.57747E+00  1.38545E+01  1.62746E+01  1.63055E+01  1.37655E+01
  8.87766E+00  2.26074E+00 -5.14564E+00 -1.22139E+01 -1.78002E+01
 -2.09289E+01 -2.09598E+01 -1.77113E+01 -1.15141E+01 -3.18654E+00
D_s
  8.81903E-01  7.47641E-01  4.99558E-01  1.75421E-01 -1.75421E-01
 -4.99558E-01 -7.47641E-01 -8.81903E-01 -8.81903E-01 -7.47641E-01
 -4.99558E-01 -1.75421E-01  1.75421E-01  4.99558E-01  7.47641E-01
  8.81903E-01  8.81903E-01  7.47641E-01  4.99558E-01  1.75421E-01
 -1.75421E-01 -4.99558E-01 -7.47641E-01 -8.81903E-01 -8.81903E-01
 -7.47641E-01 -4.99558E-01 -1.75421E-01  1.75421E-01  4.99558E-01
  7.47641E-01  8.81903E-01  8.81903E-01  7.47641E-01  4.99558E-01
  1.75421E-01 -1.75421E-01 -4.99558E-01 -7.47641E-01 -8.81903E-01
 -8.81903E-01 -7.47641E-01 -4.99558E-01 -1.75421E-01  1.75421E-01
  4.99558E-01  7.47641E-01  8.81903E-01  8.81903E-01  7.47641E-01
  4.99558E-01  1.75421E-01 -1.75421E-01 -4.99558E-01 -7.47641E-01
 -8.81903E-01 -8.81903E-01 -7.47641E-01 -4.99558E-01 -1.75421E-01
  1.75421E-01  4.99558E-01  7.47641E-01  8.81903E-01  8.81903E-01
  7.47641E-01  4.99558E-01  1.75421E-01 -1.75421E-01 -4.99558E-01
 -7.47641E-01 -8.81903E-01 -8.81903E-01 -7.47641E-01 -4.99558E-01
 -1.75421E-01  1.75421E-01  4.99558E-01  7.47641E-01  8.81903E-01
E_eps_zeta
  7.05857E-01  7.05857E-01  7.05857E-01  7.05857E-01  7.05857E-01
  7.05857E-01  7.05857E-01  7.05857E-01  7.05857E-01  7.05857E-01
  7.05857E-01  7.05857E-01  7.05857E-01  7.05857E-01  7.05857E-01
  7.05857E-01  7.05857E-01  7.05857E-01  7.05857E-01  7.05857E-01
  7.05857E-01  7.05857E-01  7.05857E-01  7.05857E-01  7.05857E-01
  7.05857E-01  7.05857E-01  7.05857E-01  7.05857E-01  7.05857E-01
  7.05857E-01  7.05857E-01  7.05857E-01  7.05857E-01  7.05857E-01
  7.05857E-01  7.05857E-01  7.05857E-01  7.05857E-01  7.05857E-01
  7.05857E-01  7.05857E-01  7.05857E-01  7.05857E-01  7.05857E-01
  7.05857E-01  7.05857E-01  7.05857E-01  7.05857E-01  7.05857E-01
  7.05857E-01  7.05857E-01  7.05857E-01  7.05857E-01  7.05857E-01
  7.05857E-01  7.05857E-01  7.05857E-01  7.05857E-01  7.05857E-01
  7.05857E-01  7.05857E-01  7.05857E-01  7.05857E-01  7.05857E-01
  7.05857E-01  7.05857E-01  7.05857E-01  7.05857E-01  7.05857E-01
  7.05857E-01  7.05857E-01  7.05857E-01  7.05857E-01  7.05857E-01
  7.05857E-01  7.05857E-01  7.05857E-01  7.05857E-01  7.05857E-01
E_eps_s
  4.49590E-01  4.49590E-01  4.49590E-01  4.49590E-01  4.49590E-01
  4.49590E-01  4.49590E-01  4.49590E-01  4.49590E-01  4.49590E-01
  4.49590E-01  4.49590E-01  4.49590E-01  4.49590E-01  4.49590E-01
  4.49590E-01  4.49590E-01  4.49590E-01  4.49590E-01  4.49590E-01
  4.49590E-01  4.49590E-01  4.49590E-01  4.49590E-01  4.49590E-01
  4.49590E-01  4.49590E-01  4.49590E-01  4.49590E-01  4.49590E-01
  4.49590E-01  4.49590E-01  4.49590E-01  4.49590E-01  4.49590E-01
  4.49590E-01  4.49590E-01  4.49590E-01  4.49590E-01  4.49590E-01
  4.49590E-01  4.49590E-01  4.49590E-01  4.49590E-01  4.49590E-01
  4.49590E-01  4.49590E-01  4.49590E-01  4.49590E-01  4.49590E-01
  4.49590E-01  4.49590E-01  4.49590E-01  4.49590E-01  4.49590E-01
  4.49590E-01  4.49590E-01  4.49590E-01  4.49590E-01  4.49590E-01
  4.49590E-01  4.49590E-01  4.49590E-01  4.49590E-01  4.49590E-01
  4.49590E-01  4.49590E-01  4.49590E-01  4.49590E-01  4.49590E-01
  4.49590E-01  4.49590E-01  4.49590E-01  4.49590E-01  4.49590E-01
  4.49590E-01  4.49590E-01  4.49590E-01  4.49590E-01  4.49590E-01
E_zeta_s
 -1.05343E+01 -1.02676E+01 -1.00009E+01 -9.73419E+00 -9.46750E+00
 -9.20081E+00 -8.93412E+00 -8.66743E+00 -8.40074E+00 -8.13405E+00
 -7.86736E+00 -7.60067E+00 -7.33398E+00 -7.06729E+00 -6.80060E+00
 -6.53391E+00 -6.26722E+00 -6.00053E+00 -5.73384E+00 -5.46715E+00
 -5.20046E+00 -4.93377E+00 -4.66708E+00 -4.40039E+00 -4.13370E+00
 -3.86701E+00 -3.60032E+00 -3.33363E+00 -3.06694E+00 -2.80025E+00
 -2.53356E+00 -2.26687E+00 -2.00018E+00 -1.73349E+00 -1.46680E+00
 -1.20011E+00 -9.33416E-01 -6.66725E-01 -4.00035E-01 -1.33345E-01
  1.33345E-01  4.00035E-01  6.66725E-01  9.33416E-01  1.20011E+00
  1.46680E+00  1.73349E+00  2.00018E+00  2.26687E+00  2.53356E+00
  2.80025E+00  3.06694E+00  3.33363E+00  3.60032E+00  3.86701E+00
  4.13370E+00  4.40039E+00  4.66708E+00  4.93377E+00  5.20046E+00
  5.46715E+00  5.73384E+00  6.00053E+00  6.26722E+00  6.53391E+00
  6.80060E+00  7.06729E+00  7.33398E+00  7.60067E+00  7.86736E+00
  8.13405E+00  8.40074E+00  8.66743E+00  8.93412E+00  9.20081E+00
  9.46750E+00  9.73419E+00  1.00009E+01  1.02676E+01  1.05343E+01
F
  1.01373E-01  1.01373E-01  1.01373E-01  1.01373E-01  1.01373E-01
  1.01373E-01  1.01373E-01  1.01373E-01  1.01373E-01  1.01373E-01
  1.01373E-01  1.01373E-01  1.01373E-01  1.01373E-01  1.01373E-01
  1.01373E-01  1.01373E-01  1.01373E-01  1.01373E-01  1.01373E-01
  1.01373E-01  1.01373E-01  1.01373E-01  1.01373E-01  1.01373E-01
  1.01373E-01  1.01373E-01  1.01373E-01  1.01373E-01  1.01373E-01
  1.01373E-01  1.01373E-01  1.01373E-01  1.01373E-01  1.01373E-01
  1.01373E-01  1.01373E-01  1.01373E-01  1.01373E-01  1.01373E-01
  1.01373E-01  1.01373E-01  1.01373E-01  1.01373E-01  1.01373E-01
  1.01373E-01  1.01373E-01  1.01373E-01  1.01373E-01  1.01373E-01
  1.01373E-01  1.01373E-01  1.01373E-01  1.01373E-01  1.01373E-01
  1.01373E-01  1.01373E-01  1.01373E-01  1.01373E-01  1.01373E-01
  1.01373E-01  1.01373E-01  1.01373E-01  1.01373E-01  1.01373E-01
  1.01373E-01  1.01373E-01  1.01373E-01  1.01373E-01  1.01373E-01
  1.01373E-01  1.01373E-01  1.01373E-01  1.01373E-01  1.01373E-01
  1.01373E-01  1.01373E-01  1.01373E-01  1.01373E-01  1.01373E-01
G
 -2.64157E-02 -7.30528E-02 -1.03708E-01 -1.14499E-01 -1.06975E-01
 -8.54512E-02 -5.46673E-02 -1.87634E-02  1.87634E-02  5.46673E-02
  8.54512E-02  1.06975E-01  1.14499E-01  1.03708E-01  7.30528E-02
  2.64157E-02 -2.64157E-02 -7.30528E-02 -1.03708E-01 -1.14499E-01
 -1.06975E-01 -8.54512E-02 -5.46673E-02 -1.87634E-02  1.87634E-02
  5.46673E-02  8.54512E-02  1.06975E-01  1.14499E-01  1.03708E-01
  7.30528E-02  2.64157E-02 -2.64157E-02 -7.30528E-02 -1.03708E-01
 -1.14499E-01 -1.06975E-01 -8.54512E-02 -5.46673E-02 -1.87634E-02
  1.87634E-02  5.46673E-02  8.54512E-02  1.06975E-01  1.14499E-01
  1.03708E-01  7.30528E-02  2.64157E-02 -2.64157E-02 -7.30528E-02
 -1.03708E-01 -1.14499E-01 -1.06975E-01 -8.54512E-02 -5.46673E-02
 -1.87634E-02  1.87634E-02  5.46673E-02  8.54512E-02  1.06975E-01
  1.14499E-01  1.03708E-01  7.30528E-02  2.64157E-02 -2.64157E-02
 -7.30528E-02 -1.03708E-01 -1.14499E-01 -1.06975E-01 -8.54512E-02
 -5.46673E-02 -1.87634E-02  1.87634E-02  5.46673E-02  8.54512E-02
  1.06975E-01  1.14499E-01  1.03708E-01  7.30528E-02  2.64157E-02
H_eps
  1.95090E-01  5.55570E-01  8.31470E-01  9.80785E-01  9.80785E-01
  8.31470E-01  5.55570E-01  1.95090E-01 -1.95090E-01 -5.55570E-01
 -8.31470E-01 -9.80785E-01 -9.80785E-01 -8.31470E-01 -5.55570E-01
 -1.95090E-01  1.95090E-01  5.55570E-01  8.31470E-01  9.80785E-01
  9.80785E-01  8.31470E-01  5.55570E-01  1.95090E-01 -1.95090E-01
 -5.55570E-01 -8.31470E-01 -9.80785E-01 -9.80785E-01 -8.31470E-01
 -5.55570E-01 -1.95090E-01  1.95090E-01  5.55570E-01  8.31470E-01
  9.80785E-01  9.80785E-01  8.31470E-01  5.55570E-01  1.95090E-01
 -1.95090E-01 -5.55570E-01 -8.31470E-01 -9.80785E-01 -9.80785E-01
 -8.31470E-01 -5.55570E-01 -1.95090E-01  1.95090E-01  5.55570E-01
  8.31470E-01  9.80785E-01  9.80785E-01  8.31470E-01  5.55570E-01
  1.95090E-01 -1.95090E-01 -5.55570E-01 -8.31470E-01 -9.80785E-01
 -9.80785E-01 -8.31470E-01 -5.55570E-01 -1.95090E-01  1.95090E-01
  5.55570E-01  8.31470E-01  9.80785E-01  9.80785E-01  8.31470E-01
  5.55570E-01  1.95090E-01 -1.95090E-01 -5.55570E-01 -8.31470E-01
 -9.80785E-01 -9.80785E-01 -8.31470E-01 -5.55570E-01 -1.95090E-01
H_zeta
 -3.18654E+00 -1.15141E+01 -1.77113E+01 -2.09598E+01 -2.09289E+01
 -1.78002E+01 -1.22139E+01 -5.14564E+00  2.26074E+00  8.87766E+00
  1.37655E+01  1.63055E+01  1.62746E+01  1.38545E+01  9.57747E+00
  4.21984E+00 -1.33494E+00 -6.24121E+00 -9.81982E+00 -1.16512E+01
 -1.16203E+01 -9.90879E+00 -6.94103E+00 -3.29404E+00  4.09145E-01
  3.60476E+00  5.87410E+00  6.99693E+00  6.96596E+00  5.96307E+00
  4.30458E+00  2.36825E+00  5.16653E-01 -9.68317E-01 -1.92838E+00
 -2.34263E+00 -2.31167E+00 -2.01734E+00 -1.66813E+00 -1.44245E+00
 -1.44245E+00 -1.66813E+00 -2.01734E+00 -2.31167E+00 -2.34263E+00
 -1.92838E+00 -9.68317E-01  5.16653E-01  2.36825E+00  4.30458E+00
  5.96307E+00  6.96596E+00  6.99693E+00  5.87410E+00  3.60476E+00
  4.09145E-01 -3.29404E+00 -6.94103E+00 -9.90879E+00 -1.16203E+01
 -1.16512E+01 -9.81982E+00 -6.24121E+00 -1.33494E+00  4.21984E+00
  9.57747E+00  1.38545E+01  1.62746E+01  1.63055E+01  1.37655E+01
  8.87766E+00  2.26074E+00 -5.14564E+00 -1.22139E+01 -1.78002E+01
 -2.09289E+01 -2.09598E+01 -1.77113E+01 -1.15141E+01 -3.18654E+00
H_s
  8.81903E-01  7.47641E-01  4.99558E-01  1.75421E-01 -1.75421E-01
 -4.99558E-01 -7.47641E-01 -8.81903E-01 -8.81903E-01 -7.47641E-01
 -4.99558E-01 -1.75421E-01  1.75421E-01  4.99558E-01  7.47641E-01
  8.81903E-01  8.81903E-01  7.47641E-01  4.99558E-01  1.75421E-01
 -1.75421E-01 -4.99558E-01 -7.47641E-01 -8.81903E-01 -8.81903E-01
 -7.47641E-01 -4.99558E-01 -1.75421E-01  1.75421E-01  4.99558E-01
  7.47641E-01  8.81903E-01  8.81903E-01  7.47641E-01  4.99558E-01
  1.75421E-01 -1.75421E-01 -4.99558E-01 -7.47641E-01 -8.81903E-01
 -8.81903E-01 -7.47641E-01 -4.99558E-01 -1.75421E-01  1.75421E-01
  4.99558E-01  7.47641E-01  8.81903E-01  8.81903E-01  7.47641E-01
  4.99558E-01  1.75421E-01 -1.75421E-01 -4.99558E-01 -7.47641E-01
 -8.81903E-01 -8.81903E-01 -7.47641E-01 -4.99558E-01 -1.75421E-01
  1.75421E-01  4.99558E-01  7.47641E-01  8.81903E-01  8.81903E-01
  7.47641E-01  4.99558E-01  1.75421E-01 -1.75421E-01 -4.99558E-01
 -7.47641E-01 -8.81903E-01 -8.81903E-01 -7.47641E-01 -4.99558E-01
 -1.75421E-01  1.75421E-01  4.99558E-01  7.47641E-01  8.81903E-01
I_eps
  1.95090E-01  5.55570E-01  8.31470E-01  9.80785E-01  9.80785E-01
  8.31470E-01  5.55570E-01  1.95090E-01 -1.95090E-01 -5.55570E-01
 -8.31470E-01 -9.80785E-01 -9.80785E-01 -8.31470E-01 -5.55570E-01
 -1.95090E-01  1.95090E-01  5.55570E-01  8.31470E-01  9.80785E-01
  9.80785E-01  8.31470E-01  5.55570E-01  1.95090E-01 -1.95090E-01
 -5.55570E-01 -8.31470E-01 -9.80785E-01 -9.80785E-01 -8.31470E-01
 -5.55570E-01 -1.95090E-01  1.95090E-01  5.55570E-01  8.31470E-01
  9.80785E-01  9.80785E-01  8.31470E-01  5.55570E-01  1.95090E-01
 -1.95090E-01 -5.55570E-01 -8.31470E-01 -9.80785E-01 -9.80785E-01
 -8.31470E-01 -5.55570E-01 -1.95090E-01  1.95090E-01  5.55570E-01
  8.31470E-01  9.80785E-01  9.80785E-01  8.31470E-01  5.55570E-01
  1.95090E-01 -1.95090E-01 -5.55570E-01 -8.31470E-01 -9.80785E-01
 -9.80785E-01 -8.31470E-01 -5.55570E-01 -1.95090E-01  1.95090E-01
  5.55570E-01  8.31470E-01  9.80785E-01  9.80785E-01  8.31470E-01
  5.55570E-01  1.95090E-01 -1.95090E-01 -5.55570E-01 -8.31470E-01
 -9.80785E-01 -9.80785E-01 -8.31470E-01 -5.55570E-01 -1.95090E-01
I_zeta
 -3.18654E+00 -1.15141E+01 -1.77113E+01 -2.09598E+01 -2.09289E+01
 -1.78002E+01 -1.22139E+01 -5.14564E+00  2.26074E+00  8.87766E+00
  1.37655E+01  1.63055E+01  1.62746E+01  1.38545E+01  9.57747E+00
  4.21984E+00 -1.33494E+00 -6.24121E+00 -9.81982E+00 -1.16512E+01
 -1.16203E+01 -9.90879E+00 -6.94103E+00 -3.29404E+00  4.09145E-01
  3.60476E+00  5.87410E+00  6.99693E+00  6.96596E+00  5.96307E+00
  4.30458E+00  2.36825E+00  5.16653E-01 -9.68317E-01 -1.92838E+00
 -2.34263E+00 -2.31167E+00 -2.01734E+00 -1.66813E+00 -1.44245E+00
 -1.44245E+00 -1.66813E+00 -2.01734E+00 -2.31167E+00 -2.34263E+00
 -1.92838E+00 -9.68317E-01  5.16653E-01  2.36825E+00  4.30458E+00
  5.96307E+00  6.96596E+00  6.99693E+00  5.87410E+00  3.60476E+00
  4.09145E-01 -3.29404E+00 -6.94103E+00 -9.90879E+00 -1.16203E+01
 -1.16512E+01 -9.81982E+00 -6.24121E+00 -1.33494E+00  4.21984E+00
  9.57747E+00  1.38545E+01  1.62746E+01  1.63055E+01  1.37655E+01
  8.87766E+00  2.26074E+00 -5.14564E+00 -1.22139E+01 -1.78002E+01
 -2.09289E+01 -2.09598E+01 -1.77113E+01 -1.15141E+01 -3.18654E+00
I_s
  8.81903E-01  7.47641E-01  4.99558E-01  1.75421E-01 -1.75421E-01
 -4.99558E-01 -7.47641E-01 -8.81903E-01 -8.81903E-01 -7.47641E-01
 -4.99558E-01 -1.75421E-01  1.75421E-01  4.99558E-01  7.47641E-01
  8.81903E-01  8.81903E-01  7.47641E-01  4.99558E-01  1.75421E-01
 -1.75421E-01 -4.99558E-01 -7.47641E-01 -8.81903E-01 -8.81903E-01
 -7.47641E-01 -4.99558E-01 -1.75421E-01  1.75421E-01  4.99558E-01
  7.47641E-01  8.81903E-01  8.81903E-01  7.47641E-01  4.99558E-01
  1.75421E-01 -1.75421E-01 -4.99558E-01 -7.47641E-01 -8.81903E-01
 -8.81903E-01 -7.47641E-01 -4.99558E-01 -1.75421E-01  1.75421E-01
  4.99558E-01  7.47641E-01  8.81903E-01  8.81903E-01  7.47641E-01
  4.99558E-01  1.75421E-01 -1.75421E-01 -4.99558E-01 -7.47641E-01
 -8.81903E-01 -8.81903E-01 -7.47641E-01 -4.99558E-01 -1.75421E-01
  1.75421E-01  4.99558E-01  7.47641E-01  8.81903E-01  8.81903E-01
  7.47641E-01  4.99558E-01  1.75421E-01 -1.75421E-01 -4.99558E-01
 -7.47641E-01 -8.81903E-01 -8.81903E-01 -7.47641E-01 -4.99558E-01
 -1.75421E-01  1.75421E-01  4.99558E-01  7.47641E-01  8.81903E-01
J
 -7.01198E-01 -6.48340E-01 -5.50672E-01 -4.23062E-01 -2.84938E-01
 -1.57328E-01 -5.96598E-02 -6.80201E-03 -6.80201E-03 -5.96598E-02
 -1.57328E-01 -2.84938E-01 -4.23062E-01 -5.50672E-01 -6.48340E-01
 -7.01198E-01 -7.01198E-01 -6.48340E-01 -5.50672E-01 -4.23062E-01
 -2.84938E-01 -1.57328E-01 -5.96598E-02 -6.80201E-03 -6.80201E-03
 -5.96598E-02 -1.57328E-01 -2.84938E-01 -4.23062E-01 -5.50672E-01
 -6.48340E-01 -7.01198E-01 -7.01198E-01 -6.48340E-01 -5.50672E-01
 -4.23062E-01 -2.84938E-01 -1.57328E-01 -5.96598E-02 -6.80201E-03
 -6.80201E-03 -5.96598E-02 -1.57328E-01 -2.84938E-01 -4.23062E-01
 -5.50672E-01 -6.48340E-01 -7.01198E-01 -7.01198E-01 -6.48340E-01
 -5.50672E-01 -4.23062E-01 -2.84938E-01 -1.57328E-01 -5.96598E-02
 -6.80201E-03 -6.80201E-03 -5.96598E-02 -1.57328E-01 -2.84938E-01
 -4.23062E-01 -5.50672E-01 -6.48340E-01 -7.01198E-01 -7.01198E-01
 -6.48340E-01 -5.50672E-01 -4.23062E-01 -2.84938E-01 -1.57328E-01
 -5.96598E-02 -6.80201E-03 -6.80201E-03 -5.96598E-02 -1.57328E-01
 -2.84938E-01 -4.23062E-01 -5.50672E-01 -6.48340E-01 -7.01198E-01
K
 -3.96157E+00 -3.66294E+00 -3.11114E+00 -2.39018E+00 -1.60982E+00
 -8.88860E-01 -3.37061E-01 -3.84294E-02 -3.84294E-02 -3.37061E-01
 -8.88860E-01 -1.60982E+00 -2.39018E+00 -3.11114E+00 -3.66294E+00
 -3.96157E+00 -3.96157E+00 -3.66294E+00 -3.11114E+00 -2.39018E+00
 -1.60982E+00 -8.88860E-01 -3.37061E-01 -3.84294E-02 -3.84294E-02
 -3.37061E-01 -8.88860E-01 -1.60982E+00 -2.39018E+00 -3.11114E+00
 -3.66294E+00 -3.96157E+00 -3.96157E+00 -3.66294E+00 -3.11114E+00
 -2.39018E+00 -1.60982E+00 -8.88860E-01 -3.37061E-01 -3.84294E-02
 -3.84294E-02 -3.37061E-01 -8.88860E-01 -1.60982E+00 -2.39018E+00
 -3.11114E+00 -3.66294E+00 -3.96157E+00 -3.96157E+00 -3.66294E+00
 -3.11114E+00 -2.39018E+00 -1.60982E+00 -8.88860E-01 -3.37061E-01
 -3.84294E-02 -3.84294E-02 -3.37061E-01 -8.88860E-01 -1.60982E+00
 -2.39018E+00 -3.11114E+00 -3.66294E+00 -3.96157E+00 -3.96157E+00
 -3.66294E+00 -3.11114E+00 -2.39018E+00 -1.60982E+00 -8.88860E-01
 -3.37061E-01 -3.84294E-02 -3.84294E-02 -3.37061E-01 -8.88860E-01
 -1.60982E+00 -2.39018E+00 -3.11114E+00 -3.66294E+00 -3.96157E+00
Bt_frac
  1.00000E+00  1.00000E+00  1.00000E+00  1.00000E+00  1.00000E+00
  1.00000E+00  1.00000E+00  1.00000E+00  1.00000E+00  1.00000E+00
  1.00000E+00  1.00000E+00  1.00000E+00  1.00000E+00  1.00000E+00
  1.00000E+00  1.00000E+00  1.00000E+00  1.00000E+00  1.00000E+00
  1.00000E+00  1.00000E+00  1.00000E+00  1.00000E+00  1.00000E+00
  1.00000E+00  1.00000E+00  1.00000E+00  1.00000E+00  1.00000E+00
  1.00000E+00  1.00000E+00  1.00000E+00  1.00000E+00  1.00000E+00
  1.00000E+00  1.00000E+00  1.00000E+00  1.00000E+00  1.00000E+00
  1.00000E+00  1.00000E+00  1.00000E+00  1.00000E+00  1.00000E+00
  1.00000E+00  1.00000E+00  1.00000E+00  1.00000E+00  1.00000E+00
  1.00000E+00  1.00000E+00  1.00000E+00  1.00000E+00  1.00000E+00
  1.00000E+00  1.00000E+00  1.00000E+00  1.00000E+00  1.00000E+00
  1.00000E+00  1.00000E+00  1.00000E+00  1.00000E+00  1.00000E+00
  1.00000E+00  1.00000E+00  1.00000E+00  1.00000E+00  1.00000E+00
  1.00000E+00  1.00000E+00  1.00000E+00  1.00000E+00  1.00000E+00
  1.00000E+00  1.00000E+00  1.00000E+00  1.00000E+00  1.00000E+00
R
  1.00000E+00  1.00000E+00  1.00000E+00  1.00000E+00  1.00000E+00
  1.00000E+00  1.00000E+00  1.00000E+00  1.00000E+00  1.00000E+00
  1.00000E+00  1.00000E+00  1.00000E+00  1.00000E+00  1.00000E+00
  1.00000E+00  1.00000E+00  1.00000E+00  1.00000E+00  1.00000E+00
  1.00000E+00  1.00000E+00  1.00000E+00  1.00000E+00  1.00000E+00
  1.00000E+00  1.00000E+00  1.00000E+00  1.00000E+00  1.00000E+00
  1.00000E+00  1.00000E+00  1.00000E+00  1.00000E+00  1.00000E+00
  1.00000E+00  1.00000E+00  1.00000E+00  1.00000E+00  1.00000E+00
  1.00000E+00  1.00000E+00  1.00000E+00  1.00000E+00  1.00000E+00
  1.00000E+00  1.00000E+00  1.00000E+00  1.00000E+00  1.00000E+00
  1.00000E+00  1.00000E+00  1.00000E+00  1.00000E+00  1.00000E+00
  1.00000E+00  1.00000E+00  1.00000E+00  1.00000E+00  1.00000E+00
  1.00000E+00  1.00000E+00  1.00000E+00  1.00000E+00  1.00000E+00
  1.00000E+00  1.00000E+00  1.00000E+00  1.00000E+00  1.00000E+00
  1.00000E+00  1.00000E+00  1.00000E+00  1.00000E+00  1.00000E+00
  1.00000E+00  1.00000E+00  1.00000E+00  1.00000E+00  1.00000E+00
Z
 -3.45310E-02 -9.83359E-02 -1.47170E-01 -1.73599E-01 -1.73599E-01
 -1.47170E-01 -9.83359E-02 -3.45310E-02  3.45310E-02  9.83359E-02
  1.47170E-01  1.73599E-01  1.73599E-01  1.47170E-01  9.83359E-02
  3.45310E-02 -3.45310E-02 -9.83359E-02 -1.47170E-01 -1.73599E-01
 -1.73599E-01 -1.47170E-01 -9.83359E-02 -3.45310E-02  3.45310E-02
  9.83359E-02  1.47170E-01  1.73599E-01  1.73599E-01  1.47170E-01
  9.83359E-02  3.45310E-02 -3.45310E-02 -9.83359E-02 -1.47170E-01
 -1.73599E-01 -1.73599E-01 -1.47170E-01 -9.83359E-02 -3.45310E-02
  3.45310E-02  9.83359E-02  1.47170E-01  1.73599E-01  1.73599E-01
  1.47170E-01  9.83359E-02  3.45310E-02 -3.45310E-02 -9.83359E-02
 -1.47170E-01 -1.73599E-01 -1.73599E-01 -1.47170E-01 -9.83359E-02
 -3.45310E-02  3.45310E-02  9.83359E-02  1.47170E-01  1.73599E-01
  1.73599E-01  1.47170E-01  9.83359E-02  3.45310E-02 -3.45310E-02
 -9.83359E-02 -1.47170E-01 -1.73599E-01 -1.73599E-01 -1.47170E-01
 -9.83359E-02 -3.45310E-02  3.45310E-02  9.83359E-02  1.47170E-01
  1.73599E-01  1.73599E-01  1.47170E-01  9.83359E-02  3.45310E-02
