 -4.85342E+00
 -2.04451E+00
 -4.56062E-01
 -6.14106E-02
 -8.59163E-01
 -5.13665E-01
 -4.53221E-01
 -4.22632E-01
 -1.94803E-01
 -2.71427E-01
  9.29059E-02
  8.21117E-02
  2.75719E-01
  1.93661E-01
  9.16027E-02
  4.48642E-02
 -4.12485E-02
  7.21307E-02
  1.41473E-01
  2.01577E-01
  4.92665E-01
  4.75280E-01
  5.09567E-01
  6.07055E-01
  5.58583E-01
  5.55521E-01
  5.62056E-01
  5.78881E-01
  5.99242E-01
  5.62279E-01
  5.85043E-01
  5.44107E-01
  4.93159E-01
  4.68469E-01
  4.20418E-01
  3.87305E-01
  3.55867E-01
  3.38938E-01
  3.33764E-01
  3.22190E-01
  3.25716E-01
  3.29269E-01
  3.17364E-01
  3.12063E-01
  3.02020E-01
  2.93781E-01
  2.84193E-01
  2.80420E-01
  2.87956E-01
  3.02477E-01
  3.19267E-01
  3.44188E-01
  3.65429E-01
  3.84311E-01
  4.00226E-01
  4.10884E-01
  4.18050E-01
  4.21256E-01
  4.24639E-01
  4.25855E-01
  4.25709E-01
  4.25617E-01
  4.25269E-01
  4.22395E-01
  4.19292E-01
  4.14659E-01
  4.09331E-01
  4.03006E-01
  3.96561E-01
  3.90662E-01
  3.84898E-01
  3.79381E-01
  3.75101E-01
  3.70993E-01
  3.67644E-01
  3.65041E-01
  3.63115E-01
  3.61997E-01
  3.61605E-01
  3.62112E-01
  3.63471E-01
  3.65302E-01
  3.67873E-01
  3.70757E-01
  3.73832E-01
  3.76883E-01
  3.79825E-01
  3.82619E-01
  3.85054E-01
  3.87211E-01
  3.89077E-01
  3.90579E-01
  3.91706E-01
  3.92526E-01
  3.92929E-01
  3.92991E-01
  3.92688E-01
  3.92116E-01
  3.91276E-01
  3.90220E-01
