           1  0.854608535766602     
           2  0.885712385177612     
           3  0.841847419738770     
           4  0.887364149093628     
           5  0.828936100006104     
           6  0.892288684844971     
           7  0.880676746368408     
           8  0.860012054443359     
           9  0.877332210540771     
          10  0.853844881057739     
          11  0.867391109466553     
          12  0.882377862930298     
          13  0.855704307556152     
          14  0.897367954254150     
          15  0.877347230911255     
          16  0.863909244537354     
          17  0.883927583694458     
          18  0.863584518432617     
          19  0.851930379867554     
          20  0.865386486053467     
          21  0.861260175704956     
          22  0.850460290908813     
          23  0.854494571685791     
          24  0.863168478012085     
          25  0.868906497955322     
          26  0.867455244064331     
          27  0.883317947387695     
          28  0.861501455307007     
          29  0.932614803314209     
