The toroidal mode    1
 Perpend. k-vec  Curvature        Coriolis
  3.37759204E+00  -1.04853216E+00  -8.67717145E-01
  3.37759204E+00  -2.67388460E+00  -2.39628144E+00
  3.37759204E+00  -3.30560504E+00  -3.29123938E+00
  3.37759204E+00  -3.00676155E+00  -3.27795360E+00
  3.37759204E+00  -2.05223012E+00  -2.38083343E+00
  3.37759204E+00  -7.24157054E-01  -8.66585023E-01
  3.37759204E+00   7.24157054E-01   8.66585023E-01
  3.37759204E+00   2.05223012E+00   2.38083343E+00
  3.37759204E+00   3.00676155E+00   3.27795360E+00
  3.37759204E+00   3.30560504E+00   3.29123938E+00
  3.37759204E+00   2.67388460E+00   2.39628144E+00
  3.37759204E+00   1.04853216E+00   8.67717145E-01
The toroidal mode    2
 Perpend. k-vec  Curvature        Coriolis
  3.55324327E+00  -1.00338344E+00  -8.34929571E-01
  3.49775699E+00  -2.70935901E+00  -2.43234607E+00
  3.45730433E+00  -3.37282688E+00  -3.36200415E+00
  3.42837237E+00  -3.07959748E+00  -3.36077755E+00
  3.40614245E+00  -2.12175160E+00  -2.46459738E+00
  3.38725208E+00  -7.90260656E-01  -9.48639595E-01
  3.36939385E+00   6.58053452E-01   7.84530452E-01
  3.35059715E+00   1.98270864E+00   2.29706949E+00
  3.32857342E+00   2.93392563E+00   3.19512965E+00
  3.29999253E+00   3.23838319E+00   3.22047462E+00
  3.26003665E+00   2.63841019E+00   2.36021680E+00
  3.20500536E+00   1.09368089E+00   9.00504719E-01
  3.14153236E+00  -8.75513664E-01  -7.29110407E-01
  3.08602355E+00  -2.38327553E+00  -2.14011663E+00
  3.04554241E+00  -2.96970431E+00  -2.96063349E+00
  3.01658940E+00  -2.71291924E+00  -2.96102711E+00
  2.99434709E+00  -1.87147964E+00  -2.17425183E+00
  2.97545153E+00  -7.01948820E-01  -8.42958494E-01
  2.95759445E+00   5.69741616E-01   6.78849351E-01
  2.93880559E+00   1.73243667E+00   2.00672395E+00
  2.91679818E+00   2.56724739E+00   2.79537921E+00
  2.88824523E+00   2.83526063E+00   2.81910397E+00
  2.84833051E+00   2.31232670E+00   2.06798736E+00
  2.79334150E+00   9.65811110E-01   7.94685555E-01
  2.72987893E+00  -7.47643888E-01  -6.23291243E-01
  2.67434186E+00  -2.05719204E+00  -1.84788719E+00
  2.63382414E+00  -2.56658175E+00  -2.55926283E+00
  2.60484391E+00  -2.34624100E+00  -2.56127667E+00
  2.58258558E+00  -1.62120767E+00  -1.88390629E+00
  2.56368341E+00  -6.13636984E-01  -7.37277394E-01
  2.54582807E+00   4.81429780E-01   5.73168251E-01
  2.52704986E+00   1.48216471E+00   1.71637841E+00
  2.50506445E+00   2.20056916E+00   2.39562877E+00
  2.47654920E+00   2.43213806E+00   2.41773331E+00
  2.43669040E+00   1.98624321E+00   1.77575792E+00
  2.38175980E+00   8.37941334E-01   6.88866391E-01
  2.31831363E+00  -6.19774112E-01  -5.17472079E-01
  2.26274017E+00  -1.73110855E+00  -1.55565774E+00
  2.22217376E+00  -2.16345918E+00  -2.15789218E+00
  2.19315699E+00  -1.97956276E+00  -2.16152623E+00
  2.17087717E+00  -1.37093571E+00  -1.59356075E+00
  2.15196632E+00  -5.25325149E-01  -6.31596294E-01
  2.13411383E+00   3.93117944E-01   4.67487150E-01
  2.11535087E+00   1.23189274E+00   1.42603287E+00
  2.09339672E+00   1.83389092E+00   1.99587833E+00
  2.06493511E+00   2.02901550E+00   2.01636265E+00
  2.02515657E+00   1.66015972E+00   1.48352847E+00
  1.97031174E+00   7.10071558E-01   5.83047226E-01
  1.90689349E+00  -4.91904336E-01  -4.11652915E-01
  1.85127183E+00  -1.40502506E+00  -1.26342830E+00
  1.81063759E+00  -1.76033662E+00  -1.75652152E+00
  1.78156926E+00  -1.61288452E+00  -1.76177579E+00
  1.75925914E+00  -1.12066374E+00  -1.30321521E+00
  1.74033649E+00  -4.37013313E-01  -5.25915193E-01
  1.72248911E+00   3.04806108E-01   3.61806050E-01
  1.70374977E+00   9.81620776E-01   1.13568733E+00
  1.68184345E+00   1.46721268E+00   1.59612790E+00
  1.65346416E+00   1.62589293E+00   1.61499200E+00
  1.61381034E+00   1.33407624E+00   1.19129903E+00
  1.55910315E+00   5.82201782E-01   4.77228062E-01
  1.49573833E+00  -3.64034560E-01  -3.05833751E-01
  1.44005116E+00  -1.07894157E+00  -9.71198856E-01
  1.39931640E+00  -1.35721405E+00  -1.35515086E+00
  1.37017010E+00  -1.24620628E+00  -1.36202535E+00
  1.34781430E+00  -8.70391774E-01  -1.01286967E+00
  1.32887502E+00  -3.48701477E-01  -4.20234093E-01
  1.31103826E+00   2.16494273E-01   2.56124950E-01
  1.29234007E+00   7.31348809E-01   8.45341786E-01
  1.27051587E+00   1.10053444E+00   1.19637746E+00
  1.24227859E+00   1.22277037E+00   1.21362134E+00
  1.20284419E+00   1.00799275E+00   8.99069584E-01
  1.14839129E+00   4.54332006E-01   3.71408898E-01
  1.08514936E+00  -2.36164784E-01  -2.00014587E-01
  1.02937502E+00  -7.52858087E-01  -6.78969412E-01
  9.88478588E-01  -9.54091487E-01  -9.53780206E-01
  9.59202181E-01  -8.79528046E-01  -9.62274914E-01
  9.36770891E-01  -6.20119808E-01  -7.22524132E-01
  9.17808352E-01  -2.60389641E-01  -3.14552992E-01
  8.99999725E-01   1.28182437E-01   1.50443849E-01
  8.81389862E-01   4.81076843E-01   5.54996246E-01
  8.59737978E-01   7.33856203E-01   7.96627018E-01
  8.31801725E-01   8.19647801E-01   8.12250683E-01
  7.92849359E-01   6.81909260E-01   6.06840140E-01
  7.39004810E-01   3.26462230E-01   2.65589734E-01
  6.76158835E-01  -1.08295008E-01  -9.41954232E-02
  6.20325842E-01  -4.26774599E-01  -3.86739968E-01
  5.79153782E-01  -5.50968922E-01  -5.52409549E-01
  5.49633682E-01  -5.12849808E-01  -5.62524475E-01
  5.27068931E-01  -3.69847841E-01  -4.32178592E-01
  5.08095621E-01  -1.72077805E-01  -2.08871892E-01
  4.90411401E-01   3.98706009E-02   4.47627489E-02
  4.72100582E-01   2.30804877E-01   2.64650705E-01
  4.51014254E-01   3.67177964E-01   3.96876579E-01
  4.24096395E-01   4.16525235E-01   4.10880027E-01
  3.86925969E-01   3.55825772E-01   3.14610697E-01
  3.35826296E-01   1.98592454E-01   1.59770570E-01
  2.75967468E-01   1.95747678E-02   1.16237408E-02
  2.22083357E-01  -1.00691111E-01  -9.45105246E-02
  1.81862382E-01  -1.47846356E-01  -1.51038893E-01
  1.53137793E-01  -1.46171569E-01  -1.62774036E-01
  1.31868316E-01  -1.19575875E-01  -1.41833051E-01
  1.15220607E-01  -8.37659693E-02  -1.03190792E-01
  1.01650473E-01  -4.84412350E-02  -6.09183515E-02
  9.07494882E-02  -1.94670889E-02  -2.56948352E-02
  8.36896800E-02   4.99725971E-04  -2.87386045E-03
  8.45401330E-02   1.34026698E-02   9.50937008E-03
  1.00692319E-01   2.97422841E-02   2.23812529E-02
  1.36953029E-01   7.07226782E-02   5.39514064E-02
  1.85609689E-01   1.47444544E-01   1.17442905E-01
  2.30572166E-01   2.25392377E-01   1.97718919E-01
  2.64677895E-01   2.55276209E-01   2.50331764E-01
  2.90053138E-01   2.20506669E-01   2.36976403E-01
  3.10326420E-01   1.30696091E-01   1.48512489E-01
  3.28201243E-01   4.54586653E-03   2.49030874E-03
  3.45670269E-01  -1.36753071E-01  -1.66599452E-01
  3.64578687E-01  -2.69739055E-01  -3.16040376E-01
  3.87194663E-01  -3.66178512E-01  -4.02624300E-01
  4.16847641E-01  -3.89719896E-01  -3.91861287E-01
  4.58139521E-01  -2.96341204E-01  -2.69848191E-01
  5.13866327E-01  -5.71470978E-02  -5.18677576E-02
  5.76254726E-01   2.75314320E-01   2.23262069E-01
  6.29548782E-01   5.51475865E-01   4.89948363E-01
  6.68102155E-01   6.58398774E-01   6.51702421E-01
  6.95798894E-01   5.87184907E-01   6.36726842E-01
  7.17315384E-01   3.80968057E-01   4.38858030E-01
  7.35854580E-01   9.28577024E-02   1.08171409E-01
  7.53636975E-01  -2.25064907E-01  -2.72280552E-01
  7.72609480E-01  -5.20011021E-01  -6.06385916E-01
  7.95085587E-01  -7.32856751E-01  -8.02374739E-01
  8.24440729E-01  -7.92842461E-01  -7.93231943E-01
  8.65430723E-01  -6.22424692E-01  -5.62077635E-01
  9.21241940E-01  -1.85016874E-01  -1.57686922E-01
  9.84384936E-01   4.03184096E-01   3.29081233E-01
  1.03866523E+00   8.77559353E-01   7.82177807E-01
  1.07795743E+00   1.06152134E+00   1.05307308E+00
  1.10610443E+00   9.53863146E-01   1.03647728E+00
  1.12787671E+00   6.31240023E-01   7.29203570E-01
  1.14654852E+00   1.81169538E-01   2.13852510E-01
  1.16437755E+00  -3.13376743E-01  -3.77961653E-01
  1.18332533E+00  -7.70282987E-01  -8.96731457E-01
  1.20570648E+00  -1.09953499E+00  -1.20212518E+00
  1.23489624E+00  -1.19596503E+00  -1.19460260E+00
  1.27568589E+00  -9.48508180E-01  -8.54307078E-01
  1.33140545E+00  -3.12886650E-01  -2.63506086E-01
  1.39473422E+00   5.31053872E-01   4.34900397E-01
  1.44936016E+00   1.20364284E+00   1.07440725E+00
  1.48894245E+00   1.46464391E+00   1.45444373E+00
  1.51727505E+00   1.32054138E+00   1.43622772E+00
  1.53915432E+00   8.81511989E-01   1.01954911E+00
  1.55788019E+00   2.69481374E-01   3.19533610E-01
  1.57572432E+00  -4.01688578E-01  -4.83642753E-01
  1.59465291E+00  -1.02055495E+00  -1.18707700E+00
  1.61697890E+00  -1.46621323E+00  -1.60187562E+00
  1.64607429E+00  -1.59908759E+00  -1.59597326E+00
  1.68674369E+00  -1.27459167E+00  -1.14653652E+00
  1.74238912E+00  -4.40756426E-01  -3.69325250E-01
  1.80579041E+00   6.58923648E-01   5.40719561E-01
  1.86058860E+00   1.52972633E+00   1.36663669E+00
  1.90032435E+00   1.86776647E+00   1.85581439E+00
  1.92875757E+00   1.68721962E+00   1.83597816E+00
  1.95069521E+00   1.13178396E+00   1.30989465E+00
  1.96945006E+00   3.57793210E-01   4.25214710E-01
  1.98730088E+00  -4.90000414E-01  -5.89323853E-01
  2.00621599E+00  -1.27082692E+00  -1.47742254E+00
  2.02850661E+00  -1.83289147E+00  -2.00162606E+00
  2.05754175E+00  -2.00221016E+00  -1.99734391E+00
  2.09813244E+00  -1.60067516E+00  -1.43876597E+00
  2.15372349E+00  -5.68626202E-01  -4.75144414E-01
  2.21716037E+00   7.86793424E-01   6.46538725E-01
  2.27206088E+00   1.85580982E+00   1.65886614E+00
  2.31189128E+00   2.27088904E+00   2.25718505E+00
  2.34038749E+00   2.05389786E+00   2.23572860E+00
  2.36236179E+00   1.38205592E+00   1.60024019E+00
  2.38113460E+00   4.46105046E-01   5.30895811E-01
  2.39898898E+00  -5.78312250E-01  -6.95004954E-01
  2.41789432E+00  -1.52109889E+00  -1.76776808E+00
  2.44016045E+00  -2.19956970E+00  -2.40137649E+00
  2.46915393E+00  -2.40533272E+00  -2.39871457E+00
  2.50968938E+00  -1.92675864E+00  -1.73099541E+00
  2.56523986E+00  -6.96495978E-01  -5.80963578E-01
  2.62869680E+00   9.14663199E-01   7.52357889E-01
  2.68366484E+00   2.18189330E+00   1.95109558E+00
  2.72355936E+00   2.67401160E+00   2.65855570E+00
  2.75209867E+00   2.42057610E+00   2.63547904E+00
  2.77409811E+00   1.63232789E+00   1.89058573E+00
  2.79288311E+00   5.34416882E-01   6.36576911E-01
  2.81073959E+00  -6.66624086E-01  -8.00686054E-01
  2.82963760E+00  -1.77137085E+00  -2.05811362E+00
  2.85188580E+00  -2.56624794E+00  -2.80112693E+00
  2.88084882E+00  -2.80845529E+00  -2.80008523E+00
  2.92134344E+00  -2.25284213E+00  -2.02322485E+00
  2.97686275E+00  -8.24365753E-01  -6.86782742E-01
  3.04033210E+00   1.04253298E+00   8.58177053E-01
  3.09534796E+00   2.50797679E+00   2.24332503E+00
  3.13528875E+00   3.07713417E+00   3.05992636E+00
  3.16385938E+00   2.78725434E+00   3.03522948E+00
  3.18587712E+00   1.88259985E+00   2.18093127E+00
  3.20467094E+00   6.22728718E-01   7.42258011E-01
  3.22252877E+00  -7.54935922E-01  -9.06367155E-01
  3.24142107E+00  -2.02164282E+00  -2.34845916E+00
  3.26365559E+00  -2.93292618E+00  -3.20087737E+00
  3.29259538E+00  -3.21157785E+00  -3.20145588E+00
  3.33305863E+00  -2.57892562E+00  -2.31545430E+00
  3.38855335E+00  -9.52235529E-01  -7.92601906E-01
The toroidal mode    3
 Perpend. k-vec  Curvature        Coriolis
  3.73152632E+00  -9.58234717E-01  -8.02141998E-01
  3.62027166E+00  -2.74483343E+00  -2.46841071E+00
  3.53898664E+00  -3.44004872E+00  -3.43276891E+00
  3.48083730E+00  -3.15243340E+00  -3.44360150E+00
  3.43620961E+00  -2.19127309E+00  -2.54836132E+00
  3.39836150E+00  -8.56364258E-01  -1.03069417E+00
  3.36266820E+00   5.91949850E-01   7.02475880E-01
  3.32519568E+00   1.91318716E+00   2.21330555E+00
  3.28139546E+00   2.86108971E+00   3.11230570E+00
  3.22465832E+00   3.17116135E+00   3.14970986E+00
  3.14538341E+00   2.60293577E+00   2.32415217E+00
  3.03600592E+00   1.13882961E+00   9.33292292E-01
  2.90929207E+00  -7.02495165E-01  -5.90503670E-01
  2.79790224E+00  -2.09266645E+00  -1.88395182E+00
  2.71640724E+00  -2.63380359E+00  -2.63002759E+00
  2.65809460E+00  -2.41907692E+00  -2.64410062E+00
  2.61337128E+00  -1.69072915E+00  -1.96767024E+00
  2.57548869E+00  -6.79740587E-01  -8.19331966E-01
  2.53981848E+00   4.15326178E-01   4.91113679E-01
  2.50243380E+00   1.41264323E+00   1.63261446E+00
  2.45880849E+00   2.12773323E+00   2.31280483E+00
  2.40237404E+00   2.36491622E+00   2.34696855E+00
  2.32356802E+00   1.95076880E+00   1.73969328E+00
  2.21473742E+00   8.83090057E-01   7.21653964E-01
  2.08829466E+00  -4.46755613E-01  -3.78865342E-01
  1.97672698E+00  -1.44049948E+00  -1.29949294E+00
  1.89489122E+00  -1.82755846E+00  -1.82728628E+00
  1.83630281E+00  -1.68572044E+00  -1.84459974E+00
  1.79141982E+00  -1.19018522E+00  -1.38697916E+00
  1.75348957E+00  -5.03116915E-01  -6.07969765E-01
  1.71788269E+00   2.38702506E-01   2.79751478E-01
  1.68069215E+00   9.12099293E-01   1.05192338E+00
  1.63744458E+00   1.39437676E+00   1.51330395E+00
  1.58167104E+00   1.55867109E+00   1.54422724E+00
  1.50392900E+00   1.29860182E+00   1.15523439E+00
  1.39645777E+00   6.27350505E-01   5.10015636E-01
  1.27093327E+00  -1.91016061E-01  -1.67227014E-01
  1.15928630E+00  -7.88332500E-01  -7.15034048E-01
  1.07687498E+00  -1.02131333E+00  -1.02454497E+00
  1.01776801E+00  -9.52363968E-01  -1.04509886E+00
  9.72606321E-01  -6.89641290E-01  -8.06288076E-01
  9.34672069E-01  -3.26493243E-01  -3.96607564E-01
  8.99370081E-01   6.20788346E-02   6.83892777E-02
  8.62890391E-01   4.11555361E-01   4.71232302E-01
  8.20982860E-01   6.61020281E-01   7.13803069E-01
  7.67638004E-01   7.52425957E-01   7.41485922E-01
  6.94218338E-01   6.46434846E-01   5.70775504E-01
  5.93657580E-01   3.71610953E-01   2.98377308E-01
  4.76309484E-01   6.47234908E-02   4.44113145E-02
  3.71136709E-01  -1.36165525E-01  -1.30575161E-01
  2.93273377E-01  -2.15068200E-01  -2.21803654E-01
  2.38742487E-01  -2.19007491E-01  -2.45597984E-01
  2.00109194E-01  -1.89097357E-01  -2.25596995E-01
  1.72628633E-01  -1.49869571E-01  -1.85245363E-01
  1.54643802E-01  -1.14544837E-01  -1.42972923E-01
  1.47431758E-01  -8.89885710E-02  -1.09458779E-01
  1.55253125E-01  -7.23361957E-02  -8.56978087E-02
  1.84812039E-01  -5.38191735E-02  -6.12553912E-02
  2.43676647E-01  -5.73212945E-03  -1.36833830E-02
  3.34763949E-01   1.15871401E-01   8.67389801E-02
  4.42462013E-01   3.20463043E-01   2.56049642E-01
  5.37440916E-01   5.16001451E-01   4.53883727E-01
  6.07997844E-01   5.91176931E-01   5.80937659E-01
  6.59883919E-01   5.14348986E-01   5.53902894E-01
  7.01018460E-01   3.11446575E-01   3.55094086E-01
  7.37083422E-01   2.67541002E-02   2.61168376E-02
  7.72182249E-01  -2.91168509E-01  -3.54335124E-01
  8.10058626E-01  -5.89532503E-01  -6.90149860E-01
  8.55275843E-01  -8.05692672E-01  -8.85198687E-01
  9.14519235E-01  -8.60064304E-01  -8.63996704E-01
  9.97055702E-01  -6.57899105E-01  -5.98142271E-01
  1.10860590E+00  -1.39868151E-01  -1.24899348E-01
  1.23368436E+00   5.76202595E-01   4.67687971E-01
  1.34061388E+00   1.16816843E+00   1.03834261E+00
  1.41796193E+00   1.39742206E+00   1.38367897E+00
  1.47349861E+00   1.24770546E+00   1.35340377E+00
  1.51661222E+00   8.11990507E-01   9.35785167E-01
  1.55373288E+00   2.03377772E-01   2.37479038E-01
  1.58931391E+00  -4.67792181E-01  -5.65697325E-01
  1.62725425E+00  -1.09007644E+00  -1.27084094E+00
  1.67218198E+00  -1.53904915E+00  -1.68469957E+00
  1.73084890E+00  -1.66630943E+00  -1.66673802E+00
  1.81277809E+00  -1.31006608E+00  -1.18260116E+00
  1.92438295E+00  -3.95607703E-01  -3.36537676E-01
  2.05072771E+00   8.31942147E-01   6.79326299E-01
  2.15938671E+00   1.82033540E+00   1.62280150E+00
  2.23805122E+00   2.20366719E+00   2.18642029E+00
  2.29439580E+00   1.98106194E+00   2.15290465E+00
  2.33796940E+00   1.31253444E+00   1.51647625E+00
  2.37532783E+00   3.80001444E-01   4.48841239E-01
  2.41099036E+00  -6.44415852E-01  -7.77059525E-01
  2.44888145E+00  -1.59062037E+00  -1.85153202E+00
  2.49363007E+00  -2.27240563E+00  -2.48420044E+00
  2.55198609E+00  -2.47255457E+00  -2.46947933E+00
  2.63353589E+00  -1.96223306E+00  -1.76706005E+00
  2.74495810E+00  -6.51347255E-01  -5.48176004E-01
  2.87163607E+00   1.08768170E+00   8.90964627E-01
  2.98093256E+00   2.47250238E+00   2.20726039E+00
  3.06013611E+00   3.00991232E+00   2.98916160E+00
  3.11682668E+00   2.71441842E+00   2.95240553E+00
  3.16059991E+00   1.81307837E+00   2.09716733E+00
  3.19805899E+00   5.56625115E-01   6.60203440E-01
  3.23374905E+00  -8.21039524E-01  -9.88421726E-01
  3.27160311E+00  -2.09116430E+00  -2.43222310E+00
  3.31624665E+00  -3.00576210E+00  -3.28370132E+00
  3.37442300E+00  -3.27879970E+00  -3.27222064E+00
  3.45574315E+00  -2.61440003E+00  -2.35151893E+00
  3.56702156E+00  -9.07086806E-01  -7.59814332E-01
The toroidal mode    4
 Perpend. k-vec  Curvature        Coriolis
  3.91208138E+00  -9.13085994E-01  -7.69354424E-01
  3.74490544E+00  -2.78030784E+00  -2.50447535E+00
  3.62250570E+00  -3.50727057E+00  -3.50353367E+00
  3.53491183E+00  -3.22526932E+00  -3.52642545E+00
  3.46775407E+00  -2.26079457E+00  -2.63212526E+00
  3.41090615E+00  -9.22467860E-01  -1.11274874E+00
  3.35742393E+00   5.25846248E-01   6.20421308E-01
  3.30142438E+00   1.84366568E+00   2.12954160E+00
  3.23613866E+00   2.78825379E+00   3.02948176E+00
  3.15175187E+00   3.10393951E+00   3.07894510E+00
  3.03396138E+00   2.56746136E+00   2.28808753E+00
  2.87122720E+00   1.18397833E+00   9.66079866E-01
  2.68186360E+00  -5.29476666E-01  -4.51896932E-01
  2.51441340E+00  -1.80205738E+00  -1.62778702E+00
  2.39139021E+00  -2.29790287E+00  -2.29942170E+00
  2.30327893E+00  -2.12523460E+00  -2.32717413E+00
  2.23582486E+00  -1.50997867E+00  -1.76108864E+00
  2.17890307E+00  -6.57532353E-01  -7.95705437E-01
  2.12557450E+00   2.60910740E-01   3.03378007E-01
  2.07000428E+00   1.09284978E+00   1.25850498E+00
  2.00554495E+00   1.68821907E+00   1.83023044E+00
  1.92261529E+00   1.89457181E+00   1.87483313E+00
  1.80722798E+00   1.58921090E+00   1.41139920E+00
  1.64773884E+00   8.00369004E-01   6.48622374E-01
  1.46093626E+00  -1.45867338E-01  -1.34439440E-01
  1.29389469E+00  -8.23806914E-01  -7.51098684E-01
  1.16999037E+00  -1.08853517E+00  -1.09530973E+00
  1.08097953E+00  -1.02519989E+00  -1.12792281E+00
  1.01313282E+00  -7.59162772E-01  -8.90052019E-01
  9.56497341E-01  -3.92596845E-01  -4.78662136E-01
  9.04305901E-01  -4.02476758E-03  -1.36652938E-02
  8.51095330E-01   3.42033879E-01   3.87468359E-01
  7.91048950E-01   5.88184359E-01   6.30979121E-01
  7.16442626E-01   6.85204114E-01   6.70721161E-01
  6.17377543E-01   6.10960433E-01   5.34710869E-01
  4.89971105E-01   4.16759676E-01   3.31164882E-01
  3.60843333E-01   2.37741990E-01   1.83018052E-01
  2.82812600E-01   1.54443550E-01   1.25589647E-01
  2.70071395E-01   1.20832522E-01   1.08802242E-01
  2.93036552E-01   7.48348256E-02   7.13285065E-02
  3.28472436E-01  -8.34687347E-03  -1.90153975E-02
  3.68899041E-01  -1.27661338E-01  -1.61618834E-01
  4.14007413E-01  -2.68960275E-01  -3.30708595E-01
  4.66625695E-01  -4.08782019E-01  -4.83568262E-01
  5.32200220E-01  -5.11850356E-01  -5.68272196E-01
  6.19726763E-01  -5.24163582E-01  -5.33390809E-01
  7.41733009E-01  -3.67290031E-01  -3.41977463E-01
  9.05003231E-01   3.31503482E-02   1.37073897E-02
  1.08628349E+00   6.21351318E-01   5.00475544E-01
  1.24085987E+00   1.13269401E+00   1.00227798E+00
  1.35311877E+00   1.33020022E+00   1.31291421E+00
  1.43427851E+00   1.17486954E+00   1.27057982E+00
  1.49775864E+00   7.42469025E-01   8.52021224E-01
  1.55280926E+00   1.37274170E-01   1.55424467E-01
  1.60591590E+00  -5.33895783E-01  -6.47751896E-01
  1.66284292E+00  -1.15959792E+00  -1.35460488E+00
  1.73050468E+00  -1.61188507E+00  -1.76752351E+00
  1.81900062E+00  -1.73353128E+00  -1.73750278E+00
  1.94244985E+00  -1.34554049E+00  -1.21866579E+00
  2.10995753E+00  -3.50458980E-01  -3.03750102E-01
  2.29864014E+00   1.00496065E+00   8.17933036E-01
  2.46036871E+00   2.11094448E+00   1.87896631E+00
  2.57737328E+00   2.53956791E+00   2.51702618E+00
  2.66127226E+00   2.27490426E+00   2.46983114E+00
  2.72627924E+00   1.49328492E+00   1.72305785E+00
  2.78213541E+00   4.02209677E-01   4.72467768E-01
  2.83557055E+00  -7.98831290E-01  -9.64795197E-01
  2.89245300E+00  -1.91041382E+00  -2.22564151E+00
  2.95972745E+00  -2.71191979E+00  -2.96677483E+00
  3.04752292E+00  -2.94289897E+00  -2.94161475E+00
  3.17017125E+00  -2.32379096E+00  -2.09535413E+00
  3.33747531E+00  -7.34068307E-01  -6.21207594E-01
The toroidal mode    5
 Perpend. k-vec  Curvature        Coriolis
  4.09460791E+00  -8.67937271E-01  -7.36566850E-01
  3.87145367E+00  -2.81578225E+00  -2.54053998E+00
  3.70773740E+00  -3.57449241E+00  -3.57429843E+00
  3.59052323E+00  -3.29810524E+00  -3.60924939E+00
  3.50073589E+00  -2.33031605E+00  -2.71588921E+00
  3.42487024E+00  -9.88571463E-01  -1.19480331E+00
  3.35366801E+00   4.59742645E-01   5.38366737E-01
  3.27931873E+00   1.77414419E+00   2.04577766E+00
  3.19288472E+00   2.71541787E+00   2.94665781E+00
  3.08144550E+00   3.03671766E+00   3.00818034E+00
  2.92613967E+00   2.53198695E+00   2.25202290E+00
  2.71143882E+00   1.22912705E+00   9.98867439E-01
  2.46058156E+00  -3.56458167E-01  -3.13290194E-01
  2.23731865E+00  -1.51144830E+00  -1.37162221E+00
  2.07242975E+00  -1.96200215E+00  -1.96881580E+00
  1.95414748E+00  -1.83139229E+00  -2.01024764E+00
  1.86379307E+00  -1.32922819E+00  -1.55450704E+00
  1.78794338E+00  -6.35324119E-01  -7.72078908E-01
  1.71742018E+00   1.06495302E-01   1.15642335E-01
  1.64462969E+00   7.73056329E-01   8.84395497E-01
  1.56112966E+00   1.24870491E+00   1.34765605E+00
  1.45502789E+00   1.42422740E+00   1.40269771E+00
  1.30931299E+00   1.22765300E+00   1.08310512E+00
  1.11027071E+00   7.17647951E-01   5.75590783E-01
  8.78817123E-01   1.55020937E-01   1.09986462E-01
  6.72492483E-01  -2.07114352E-01  -2.02704432E-01
  5.21367214E-01  -3.49511886E-01  -3.63333176E-01
  4.18016650E-01  -3.64679334E-01  -4.11245881E-01
  3.48579479E-01  -3.28140322E-01  -3.93124881E-01
  3.04888672E-01  -2.82076776E-01  -3.49354506E-01
  2.84930208E-01  -2.46752041E-01  -3.07082066E-01
  2.91363211E-01  -2.28031535E-01  -2.76986665E-01
  3.30074288E-01  -2.18008039E-01  -2.51345705E-01
  4.10019761E-01  -1.88262860E-01  -2.02784914E-01
  5.43615529E-01  -7.66809565E-02  -8.58126548E-02
  7.36689819E-01   2.06168847E-01   1.52314127E-01
  9.58847059E-01   6.66500041E-01   5.33263118E-01
  1.15243558E+00   1.09721960E+00   9.66213343E-01
  1.29533498E+00   1.26297838E+00   1.24214945E+00
  1.39999774E+00   1.10203362E+00   1.18775588E+00
  1.48273428E+00   6.72947543E-01   7.68257281E-01
  1.55511508E+00   7.11705676E-02   7.33698952E-02
  1.62543798E+00  -5.99999385E-01  -7.29806468E-01
  1.70123145E+00  -1.22911940E+00  -1.43836883E+00
  1.79164240E+00  -1.68472099E+00  -1.85034746E+00
  1.91006191E+00  -1.80075312E+00  -1.80826754E+00
  2.07507721E+00  -1.38101491E+00  -1.25473043E+00
  2.29824562E+00  -3.05310257E-01  -2.70962529E-01
  2.54865966E+00   1.17797914E+00   9.56539774E-01
  2.76282096E+00   2.40155355E+00   2.13513112E+00
  2.91773403E+00   2.87546864E+00   2.84763208E+00
  3.02893705E+00   2.56874657E+00   2.78675763E+00
  3.11523746E+00   1.67403541E+00   1.92963944E+00
  3.18951704E+00   4.24417911E-01   4.96094297E-01
  3.26069352E+00  -9.53246728E-01  -1.15253087E+00
  3.33656929E+00  -2.23020726E+00  -2.59975099E+00
  3.42640134E+00  -3.15143395E+00  -3.44934922E+00
  3.54369397E+00  -3.41324338E+00  -3.41375017E+00
  3.70750364E+00  -2.68534886E+00  -2.42364820E+00
  3.93069513E+00  -8.16789360E-01  -6.94239185E-01
The toroidal mode    6
 Perpend. k-vec  Curvature        Coriolis
  4.27885362E+00  -8.22788548E-01  -7.03779277E-01
  3.99973465E+00  -2.85125667E+00  -2.57660462E+00
  3.79456632E+00  -3.64171425E+00  -3.64506319E+00
  3.64760122E+00  -3.37094116E+00  -3.69207334E+00
  3.53511485E+00  -2.39983753E+00  -2.79965315E+00
  3.44023650E+00  -1.05467506E+00  -1.27685788E+00
  3.35140543E+00   3.93639043E-01   4.56312165E-01
  3.25891262E+00   1.70462271E+00   1.96201372E+00
  3.15171609E+00   2.64258195E+00   2.86383386E+00
  3.01392116E+00   2.96949582E+00   2.93741558E+00
  2.82233097E+00   2.49651253E+00   2.21595826E+00
  2.55757628E+00   1.27427578E+00   1.03165501E+00
  2.24726236E+00  -1.83439668E-01  -1.74683457E-01
  1.96931890E+00  -1.22083923E+00  -1.11545740E+00
  1.76281653E+00  -1.62610143E+00  -1.63820991E+00
  1.61439234E+00  -1.53754997E+00  -1.69332115E+00
  1.50138097E+00  -1.14847770E+00  -1.34792545E+00
  1.40730623E+00  -6.13115885E-01  -7.48452379E-01
  1.32101221E+00  -4.79201360E-02  -7.20933366E-02
  1.23362967E+00   4.53262881E-01   5.10286013E-01
  1.13599513E+00   8.09190754E-01   8.65081664E-01
  1.01654846E+00   9.53882993E-01   9.30562295E-01
  8.62352012E-01   8.66095094E-01   7.54811041E-01
  6.76782973E-01   6.34926898E-01   5.02559193E-01
  5.24336632E-01   4.55909212E-01   3.54412363E-01
  4.91627454E-01   4.09578211E-01   3.45689819E-01
  5.47221756E-01   3.89511401E-01   3.68643376E-01
  6.25037253E-01   2.95841221E-01   3.05431049E-01
  7.03131300E-01   1.02882128E-01   1.03802256E-01
  7.80343183E-01  -1.71556706E-01  -2.20046877E-01
  8.61027944E-01  -4.89479315E-01  -6.00498839E-01
  9.52005182E-01  -7.98096950E-01  -9.41441689E-01
  1.06338917E+00  -1.02420044E+00  -1.13367053E+00
  1.21085168E+00  -1.06172983E+00  -1.07629099E+00
  1.41594170E+00  -7.64322346E-01  -7.06336178E-01
  1.69056645E+00  -4.42198171E-03  -2.65366270E-02
  1.99569805E+00   1.09525809E+00   8.83508183E-01
  2.25573030E+00   2.03999565E+00   1.80683704E+00
  2.44428357E+00   2.40512423E+00   2.37549666E+00
  2.58035298E+00   2.12923241E+00   2.30418324E+00
  2.68659327E+00   1.35424196E+00   1.55552996E+00
  2.77857898E+00   2.70002473E-01   3.08358625E-01
  2.86719479E+00  -9.31038495E-01  -1.12890434E+00
  2.96208146E+00  -2.04945678E+00  -2.39316939E+00
  3.07477627E+00  -2.85759163E+00  -3.13242273E+00
  3.22212566E+00  -3.07734266E+00  -3.08314427E+00
  3.42772108E+00  -2.39473979E+00  -2.16748340E+00
  3.70690378E+00  -6.43770861E-01  -5.55632447E-01
The toroidal mode    7
 Perpend. k-vec  Curvature        Coriolis
  4.46460567E+00  -7.77639825E-01  -6.70991703E-01
  4.12958690E+00  -2.88673108E+00  -2.61266925E+00
  3.88288533E+00  -3.70893610E+00  -3.71582795E+00
  3.70607803E+00  -3.44377708E+00  -3.77489729E+00
  3.57085058E+00  -2.46935901E+00  -2.88341709E+00
  3.45698622E+00  -1.12077867E+00  -1.35891245E+00
  3.35063922E+00   3.27535441E-01   3.74257594E-01
  3.24023814E+00   1.63510123E+00   1.87824977E+00
  3.11271553E+00   2.56974602E+00   2.78100991E+00
  2.94936995E+00   2.90227398E+00   2.86665082E+00
  2.72299425E+00   2.46103812E+00   2.17989362E+00
  2.41077448E+00   1.31942450E+00   1.06444259E+00
  2.04440011E+00  -1.04211691E-02  -3.60767190E-02
  1.71468403E+00  -9.30230154E-01  -8.59292592E-01
  1.46847482E+00  -1.29020070E+00  -1.30760401E+00
  1.29143506E+00  -1.24370765E+00  -1.37639466E+00
  1.15765860E+00  -9.67727218E-01  -1.14134385E+00
  1.04829696E+00  -5.90907652E-01  -7.24825850E-01
  9.51152201E-01  -2.02335574E-01  -2.59829009E-01
  8.57918263E-01   1.33469433E-01   1.36176529E-01
  7.63077926E-01   3.69676594E-01   3.82507276E-01
  6.67265641E-01   4.83538584E-01   4.58426877E-01
  5.95083547E-01   5.04537192E-01   4.26516961E-01
  6.25336446E-01   5.52205845E-01   4.29527603E-01
  8.01350651E-01   7.56797487E-01   5.98838265E-01
  1.02103757E+00   1.02627077E+00   8.94084071E-01
  1.20489049E+00   1.12853469E+00   1.10061993E+00
  1.34770831E+00   9.56361776E-01   1.02210798E+00
  1.46461463E+00   5.33904579E-01   6.00729394E-01
  1.56933817E+00  -6.10366367E-02  -9.07392479E-02
  1.67281824E+00  -7.32206589E-01  -8.93915611E-01
  1.78567279E+00  -1.36816236E+00  -1.60589671E+00
  1.92127585E+00  -1.83039284E+00  -2.01599536E+00
  2.09938724E+00  -1.93519681E+00  -1.94979706E+00
  2.34718431E+00  -1.45196374E+00  -1.32685970E+00
  2.68066797E+00  -2.15012811E-01  -2.05387381E-01
The toroidal mode    8
 Perpend. k-vec  Curvature        Coriolis
  4.65168362E+00  -7.32491102E-01  -6.38204129E-01
  4.26086676E+00  -2.92220550E+00  -2.64873389E+00
  3.97259504E+00  -3.77615794E+00  -3.78659271E+00
  3.76588850E+00  -3.51661301E+00  -3.85772124E+00
  3.60790278E+00  -2.53888050E+00  -2.96718104E+00
  3.47509941E+00  -1.18688227E+00  -1.44096702E+00
  3.35137040E+00   2.61431839E-01   2.92203022E-01
  3.22332541E+00   1.56557975E+00   1.79448583E+00
  3.07596549E+00   2.49691010E+00   2.69818596E+00
  2.88799124E+00   2.83505213E+00   2.79588606E+00
  2.62863658E+00   2.42556371E+00   2.14382899E+00
  2.27240223E+00   1.36457322E+00   1.09723016E+00
  1.85542792E+00   1.62597330E-01   1.02530019E-01
  1.48032696E+00  -6.39621080E-01  -6.03127784E-01
  1.20068880E+00  -9.54299981E-01  -9.76998117E-01
  1.00165766E+00  -9.49865338E-01  -1.05946816E+00
  8.55459220E-01  -7.86976734E-01  -9.34762252E-01
  7.42959329E-01  -5.68699418E-01  -7.01199321E-01
  6.54510380E-01  -3.56751012E-01  -4.47564681E-01
  5.89365409E-01  -1.86324016E-01  -2.37932955E-01
  5.59048094E-01  -6.98375659E-02  -1.00067111E-01
  5.93905822E-01   1.31941755E-02  -1.37085407E-02
  7.38729184E-01   1.42979291E-01   9.82228813E-02
  1.01574234E+00   4.69484792E-01   3.56496012E-01
  1.36894902E+00   1.05768576E+00   8.43264167E-01
  1.68958771E+00   1.64296334E+00   1.44247832E+00
  1.93099770E+00   1.86755798E+00   1.83259648E+00
  2.10989959E+00   1.61688233E+00   1.73878491E+00
  2.25246861E+00   9.64927029E-01   1.09765653E+00
  2.37794398E+00   4.94834329E-02   3.85683813E-02
  2.50040805E+00  -9.74933863E-01  -1.18733238E+00
  2.63283741E+00  -1.93822778E+00  -2.27035174E+00
  2.79113994E+00  -2.63658523E+00  -2.89832018E+00
  2.99865156E+00  -2.80866378E+00  -2.82330314E+00
  3.28765383E+00  -2.13960512E+00  -1.94738322E+00
  3.67785392E+00  -4.25603640E-01  -3.84238136E-01
The toroidal mode    9
 Perpend. k-vec  Curvature        Coriolis
  4.83993370E+00  -6.87342379E-01  -6.05416556E-01
  4.39344626E+00  -2.95767991E+00  -2.68479853E+00
  4.06360335E+00  -3.84337978E+00  -3.85735747E+00
  3.82697010E+00  -3.58944893E+00  -3.94054519E+00
  3.64623130E+00  -2.60840198E+00  -3.05094498E+00
  3.49455485E+00  -1.25298587E+00  -1.52302160E+00
  3.35359800E+00   1.95328237E-01   2.10148451E-01
  3.20820228E+00   1.49605827E+00   1.71072189E+00
  3.04154757E+00   2.42407418E+00   2.61536201E+00
  2.82999145E+00   2.76783029E+00   2.72512129E+00
  2.53981294E+00   2.39008929E+00   2.10776435E+00
  2.14409219E+00   1.40972195E+00   1.13001773E+00
  1.68502551E+00   3.35615829E-01   2.41136756E-01
  1.27745713E+00  -3.49012006E-01  -3.46962976E-01
  9.81441787E-01  -6.18399259E-01  -6.46392221E-01
  7.82817512E-01  -6.56023021E-01  -7.42541674E-01
  6.55023620E-01  -6.06226250E-01  -7.28180655E-01
  5.82835304E-01  -5.46491184E-01  -6.77572793E-01
  5.62275052E-01  -5.11166450E-01  -6.35300352E-01
  5.96511255E-01  -5.06117464E-01  -6.12042438E-01
  6.93704179E-01  -5.09351726E-01  -5.82641498E-01
  8.69374975E-01  -4.57150233E-01  -4.85843959E-01
  1.14823348E+00  -2.18578611E-01  -2.30071198E-01
  1.54275587E+00   3.86763739E-01   2.83464422E-01
  1.99261250E+00   1.35857404E+00   1.08769007E+00
  2.38291089E+00   2.25965590E+00   1.99087257E+00
  2.67028551E+00   2.60658126E+00   2.56457303E+00
  2.88040749E+00   2.27740289E+00   2.45546184E+00
  3.04630105E+00   1.39594948E+00   1.59458367E+00
  3.19128834E+00   1.60003502E-01   1.67876010E-01
  3.33204559E+00  -1.21766114E+00  -1.48074916E+00
  3.48366623E+00  -2.50829319E+00  -2.93480676E+00
  3.66446180E+00  -3.44277763E+00  -3.78064501E+00
  3.90123249E+00  -3.68213076E+00  -3.69680921E+00
  4.23120213E+00  -2.82724651E+00  -2.56790675E+00
  4.67759564E+00  -6.36194468E-01  -5.63088890E-01
The toroidal mode   10
 Perpend. k-vec  Curvature        Coriolis
  5.02922432E+00  -6.42193656E-01  -5.72628982E-01
  4.52721123E+00  -2.99315432E+00  -2.72086316E+00
  4.15582493E+00  -3.91060163E+00  -3.92812224E+00
  3.88926293E+00  -3.66228485E+00  -4.02336913E+00
  3.68579635E+00  -2.67792346E+00  -3.13470892E+00
  3.51533028E+00  -1.31908947E+00  -1.60507617E+00
  3.35731904E+00   1.29224635E-01   1.28093879E-01
  3.19489417E+00   1.42653678E+00   1.62695794E+00
  3.00954176E+00   2.35123826E+00   2.53253807E+00
  2.77558242E+00   2.70060845E+00   2.65435653E+00
  2.45712356E+00   2.35461488E+00   2.07169972E+00
  2.02775539E+00   1.45487067E+00   1.16280531E+00
  1.53937207E+00   5.08634328E-01   3.79743494E-01
  1.12326654E+00  -5.84029313E-02  -9.07981679E-02
  8.49200504E-01  -2.82498537E-01  -3.15786326E-01
  7.04457315E-01  -3.62180705E-01  -4.25615183E-01
  6.57198469E-01  -4.25475766E-01  -5.21599057E-01
  6.79743916E-01  -5.24282951E-01  -6.53946264E-01
  7.53656885E-01  -6.65581888E-01  -8.23036024E-01
  8.72608744E-01  -8.25910912E-01  -9.86151922E-01
  1.04324497E+00  -9.48865886E-01  -1.06521589E+00
  1.28627742E+00  -9.27494642E-01  -9.57979376E-01
  1.63471172E+00  -5.80136512E-01  -5.58365278E-01
  2.10621347E+00   3.04042686E-01   2.10432832E-01
The toroidal mode   11
 Perpend. k-vec  Curvature        Coriolis
  5.21944224E+00  -5.97044933E-01  -5.39841409E-01
  4.66205962E+00  -3.02862874E+00  -2.75692780E+00
  4.24918081E+00  -3.97782347E+00  -3.99888700E+00
  3.95270975E+00  -3.73512077E+00  -4.10619308E+00
  3.72655852E+00  -2.74744494E+00  -3.21847287E+00
  3.53740241E+00  -1.38519308E+00  -1.68713074E+00
  3.36252855E+00   6.31210325E-02   4.60393075E-02
  3.18342383E+00   1.35701530E+00   1.54319400E+00
  2.98002579E+00   2.27840234E+00   2.44971412E+00
  2.72497925E+00   2.63338660E+00   2.58359177E+00
  2.38120758E+00   2.31914047E+00   2.03563508E+00
  1.92556320E+00   1.50001939E+00   1.19559288E+00
  1.42607118E+00   6.81652827E-01   5.18350232E-01
  1.03964462E+00   2.32206143E-01   1.65366640E-01
  8.45809745E-01   5.34021849E-02   1.48195695E-02
  8.08510121E-01  -6.83383880E-02  -1.08688692E-01
  8.60448798E-01  -2.44725282E-01  -3.15017460E-01
  9.58672500E-01  -5.02074717E-01  -6.30319735E-01
  1.08808099E+00  -8.19997326E-01  -1.01077170E+00
  1.25068486E+00  -1.14570436E+00  -1.36026141E+00
  1.46080064E+00  -1.38838005E+00  -1.54779027E+00
  1.74608545E+00  -1.39783905E+00  -1.43011479E+00
  2.14645000E+00  -9.41694413E-01  -8.86659358E-01
  2.68325382E+00   2.21321633E-01   1.37401241E-01
The toroidal mode   12
 Perpend. k-vec  Curvature        Coriolis
  5.41048968E+00  -5.51896210E-01  -5.07053835E-01
  4.79790009E+00  -3.06410315E+00  -2.79299243E+00
  4.34359783E+00  -4.04504531E+00  -4.06965176E+00
  4.01725586E+00  -3.80795669E+00  -4.18901703E+00
  3.76847897E+00  -2.81696643E+00  -3.30223681E+00
  3.56074716E+00  -1.45129668E+00  -1.76918531E+00
  3.36921964E+00  -2.98256966E-03  -3.60152641E-02
  3.17381120E+00   1.28749382E+00   1.45943006E+00
  2.95307432E+00   2.20556642E+00   2.36689017E+00
  2.67839764E+00   2.56616476E+00   2.51282701E+00
  2.31273211E+00   2.28366605E+00   1.99957044E+00
  1.83987406E+00   1.54516812E+00   1.22838045E+00
  1.35327340E+00   8.54671326E-01   6.56956969E-01
  1.04369361E+00   5.22815217E-01   4.21531448E-01
  9.72618048E-01   3.89302907E-01   3.45425465E-01
  1.04167595E+00   2.25503929E-01   2.08237798E-01
  1.16380534E+00  -6.39747982E-02  -1.08435863E-01
  1.30793750E+00  -4.79866483E-01  -6.06693206E-01
  1.47102612E+00  -9.74412764E-01  -1.19850737E+00
  1.66256593E+00  -1.46549781E+00  -1.73437089E+00
  1.90209380E+00  -1.82789421E+00  -2.03036466E+00
  2.22232473E+00  -1.86818346E+00  -1.90225021E+00
  2.66895781E+00  -1.30325231E+00  -1.21495344E+00
  3.26668689E+00   1.38600580E-01   6.43696508E-02
The toroidal mode   13
 Perpend. k-vec  Curvature        Coriolis
  5.60228177E+00  -5.06747487E-01  -4.74266261E-01
  4.93465070E+00  -3.09957756E+00  -2.82905707E+00
  4.43900830E+00  -4.11226716E+00  -4.14041652E+00
  4.08284914E+00  -3.88079261E+00  -4.27184098E+00
  3.81151949E+00  -2.88648791E+00  -3.38600075E+00
  3.58533965E+00  -1.51740028E+00  -1.85123988E+00
  3.37738350E+00  -6.90861718E-02  -1.18069836E-01
  3.16607320E+00   1.21797234E+00   1.37566611E+00
  2.92875815E+00   2.13273049E+00   2.28406622E+00
  2.63605081E+00   2.49894292E+00   2.44206225E+00
  2.25237587E+00   2.24819164E+00   1.96350581E+00
  1.77308223E+00   1.59031684E+00   1.26116803E+00
  1.32765809E+00   1.02768982E+00   7.95563707E-01
  1.13447520E+00   8.13424292E-01   6.77696256E-01
  1.18866174E+00   7.25203629E-01   6.76031360E-01
  1.33808094E+00   5.19346245E-01   5.25164289E-01
  1.50801923E+00   1.16775686E-01   9.81457342E-02
  1.68433798E+00  -4.57658250E-01  -5.83066677E-01
  1.87296330E+00  -1.12882820E+00  -1.38624304E+00
  2.08834493E+00  -1.78529126E+00  -2.10848037E+00
  2.35381117E+00  -2.26740837E+00  -2.51293905E+00
  2.70633480E+00  -2.33852787E+00  -2.37438563E+00
  3.19695900E+00  -1.66481022E+00  -1.54324752E+00
  3.85361023E+00   5.58795274E-02  -8.66193958E-03
The toroidal mode   14
 Perpend. k-vec  Curvature        Coriolis
  5.79474456E+00  -4.61598764E-01  -4.41478688E-01
  5.07223784E+00  -3.13505198E+00  -2.86512171E+00
  4.53534950E+00  -4.17948900E+00  -4.21118128E+00
  4.14943992E+00  -3.95362854E+00  -4.35466493E+00
  3.85564256E+00  -2.95600939E+00  -3.46976470E+00
  3.61115439E+00  -1.58350388E+00  -1.93329445E+00
  3.38700948E+00  -1.35189774E-01  -2.00124407E-01
  3.16022359E+00   1.14845085E+00   1.29190217E+00
  2.90714340E+00   2.05989457E+00   2.20124227E+00
  2.59814583E+00   2.43172107E+00   2.37129749E+00
  2.20080695E+00   2.21271723E+00   1.92744117E+00
  1.72738119E+00   1.63546556E+00   1.29395560E+00
  1.35190989E+00   1.20070832E+00   9.34170445E-01
  1.29386004E+00   1.10403337E+00   9.33861064E-01
  1.45471189E+00   1.06110435E+00   1.00663726E+00
  1.66427283E+00   8.13188562E-01   8.42090780E-01
  1.87067089E+00   2.97526170E-01   3.04727331E-01
  2.07314609E+00  -4.35450016E-01  -5.59440149E-01
  2.28388731E+00  -1.28324364E+00  -1.57397871E+00
  2.52098987E+00  -2.10508470E+00  -2.48258986E+00
  2.81093171E+00  -2.70692253E+00  -2.99551344E+00
  3.19458557E+00  -2.80887228E+00  -2.84652105E+00
  3.72812029E+00  -2.02636812E+00  -1.87154160E+00
  4.44264074E+00  -2.68415256E-02  -8.16935300E-02
The toroidal mode   15
 Perpend. k-vec  Curvature        Coriolis
  5.98781340E+00  -4.16450041E-01  -4.08691114E-01
  5.21059525E+00  -3.17052639E+00  -2.90118634E+00
  4.63256339E+00  -4.24671084E+00  -4.28194604E+00
  4.21698094E+00  -4.02646446E+00  -4.43748888E+00
  3.90081146E+00  -3.02553087E+00  -3.55352864E+00
  3.63816537E+00  -1.64960748E+00  -2.01534903E+00
  3.39808515E+00  -2.01293376E-01  -2.82178979E-01
  3.15627288E+00   1.07892937E+00   1.20813823E+00
  2.88829073E+00   1.98705865E+00   2.11841832E+00
  2.56487965E+00   2.36449923E+00   2.30053273E+00
  2.15865521E+00   2.17724281E+00   1.89137654E+00
  1.70446828E+00   1.68061428E+00   1.32674318E+00
  1.42348233E+00   1.37372682E+00   1.07277718E+00
  1.50013860E+00   1.39464244E+00   1.19002587E+00
  1.74808346E+00   1.39700507E+00   1.33724315E+00
  2.00577147E+00   1.10703088E+00   1.15901727E+00
  2.24283427E+00   4.78276654E-01   5.11308929E-01
  2.46850590E+00  -4.13241782E-01  -5.35813620E-01
  2.69969759E+00  -1.43765908E+00  -1.76171438E+00
  2.95748906E+00  -2.42487815E+00  -2.85669934E+00
  3.27119106E+00  -3.14643669E+00  -3.47808782E+00
  3.68539196E+00  -3.27921669E+00  -3.31865647E+00
  4.26126013E+00  -2.38792602E+00  -2.19983568E+00
  5.03303864E+00  -1.09562579E-01  -1.54725120E-01
The toroidal mode   16
 Perpend. k-vec  Curvature        Coriolis
  6.18143148E+00  -3.71301318E-01  -3.75903540E-01
  5.34966316E+00  -3.20600080E+00  -2.93725098E+00
  4.73059614E+00  -4.31393269E+00  -4.35271080E+00
  4.28542729E+00  -4.09930038E+00  -4.52031282E+00
  3.94699027E+00  -3.09505235E+00  -3.63729258E+00
  3.66634615E+00  -1.71571109E+00  -2.09740360E+00
  3.41059639E+00  -2.67396978E-01  -3.64233550E-01
  3.15422821E+00   1.00940789E+00   1.12437428E+00
  2.87225453E+00   1.91422273E+00   2.03559438E+00
  2.53643478E+00   2.29727739E+00   2.22976797E+00
  2.12648075E+00   2.14176840E+00   1.85531190E+00
  1.70526233E+00   1.72576301E+00   1.35953075E+00
  1.53577366E+00   1.54674532E+00   1.21138392E+00
  1.73668076E+00   1.68525152E+00   1.44619068E+00
  2.05712031E+00   1.73290580E+00   1.66784905E+00
  2.35592996E+00   1.40087320E+00   1.47594376E+00
  2.62045988E+00   6.59027138E-01   7.17890526E-01
  2.86770891E+00  -3.91033548E-01  -5.12187091E-01
  3.11844015E+00  -1.59207452E+00  -1.94945006E+00
  3.39635678E+00  -2.74467160E+00  -3.23080883E+00
  3.73342855E+00  -3.58595085E+00  -3.96066221E+00
  4.17785338E+00  -3.74956109E+00  -3.79079188E+00
  4.79571870E+00  -2.74948392E+00  -2.52812976E+00
  5.62437335E+00  -1.92283631E-01  -2.27756711E-01
The toroidal mode   17
 Perpend. k-vec  Curvature        Coriolis
  6.37554877E+00  -3.26152595E-01  -3.43115967E-01
  5.48938758E+00  -3.24147522E+00  -2.97331561E+00
  4.82939791E+00  -4.38115453E+00  -4.42347556E+00
  4.35473627E+00  -4.17213630E+00  -4.60313677E+00
  3.99414397E+00  -3.16457384E+00  -3.72105653E+00
  3.69566996E+00  -1.78181469E+00  -2.17945817E+00
  3.42452746E+00  -3.33500580E-01  -4.46288122E-01
  3.15409326E+00   9.39886408E-01   1.04061034E+00
  2.85908218E+00   1.84138681E+00   1.95277043E+00
  2.51297495E+00   2.23005554E+00   2.15900320E+00
  2.10474116E+00   2.10629398E+00   1.81924726E+00
  1.72973069E+00   1.77091173E+00   1.39231832E+00
  1.68064178E+00   1.71976382E+00   1.34999066E+00
  1.99273844E+00   1.97586059E+00   1.70235549E+00
  2.37571701E+00   2.06880652E+00   1.99845494E+00
  2.71139529E+00   1.69471551E+00   1.79287025E+00
  3.00148676E+00   8.39777622E-01   9.24472123E-01
  3.26934761E+00  -3.68825315E-01  -4.88560562E-01
  3.53907430E+00  -1.74648995E+00  -2.13718573E+00
  3.83678035E+00  -3.06446505E+00  -3.60491831E+00
  4.19699063E+00  -4.02546501E+00  -4.44323660E+00
  4.67144644E+00  -4.21990550E+00  -4.26292730E+00
  5.33109939E+00  -3.11104182E+00  -2.85642384E+00
  6.21637752E+00  -2.75004684E-01  -3.00788301E-01
The toroidal mode   18
 Perpend. k-vec  Curvature        Coriolis
  6.57012103E+00  -2.81003872E-01  -3.10328393E-01
  5.62971961E+00  -3.27694963E+00  -3.00938025E+00
  4.92892243E+00  -4.44837637E+00  -4.49424032E+00
  4.42486734E+00  -4.24497222E+00  -4.68596072E+00
  4.04223844E+00  -3.23409532E+00  -3.80482047E+00
  3.72610982E+00  -1.84791829E+00  -2.26151274E+00
  3.43986112E+00  -3.99604183E-01  -5.28342693E-01
  3.15586830E+00   8.70364926E-01   9.56846396E-01
  2.84881341E+00   1.76855089E+00   1.86994648E+00
  2.49464080E+00   2.16283370E+00   2.08823844E+00
  2.09376151E+00   2.07081957E+00   1.78318263E+00
  1.77689562E+00   1.81606045E+00   1.42510590E+00
The toroidal mode   19
 Perpend. k-vec  Curvature        Coriolis
  6.76510899E+00  -2.35855149E-01  -2.77540819E-01
  5.77061494E+00  -3.31242404E+00  -3.04544488E+00
  5.02912681E+00  -4.51559822E+00  -4.56500509E+00
  4.49578204E+00  -4.31780815E+00  -4.76878467E+00
  4.09124050E+00  -3.30361680E+00  -3.88858441E+00
  3.75763862E+00  -1.91402189E+00  -2.34356731E+00
  3.45657870E+00  -4.65707785E-01  -6.10397265E-01
  3.15955011E+00   8.00843444E-01   8.73082452E-01
  2.84147971E+00   1.69571496E+00   1.78712253E+00
  2.48154595E+00   2.09561186E+00   2.01747368E+00
  2.09371108E+00   2.03534516E+00   1.74711799E+00
  1.84501734E+00   1.86120918E+00   1.45789347E+00
The toroidal mode   20
 Perpend. k-vec  Curvature        Coriolis
  6.96047772E+00  -1.90706426E-01  -2.44753246E-01
  5.91203329E+00  -3.34789846E+00  -3.08150952E+00
  5.12997120E+00  -4.58282006E+00  -4.63576985E+00
  4.56744386E+00  -4.39064407E+00  -4.85160862E+00
  4.14111794E+00  -3.37313828E+00  -3.97234836E+00
  3.79022916E+00  -1.98012549E+00  -2.42562188E+00
  3.47466023E+00  -5.31811387E-01  -6.92451837E-01
  3.16513202E+00   7.31321962E-01   7.89318509E-01
  2.83710383E+00   1.62287904E+00   1.70429858E+00
  2.47377359E+00   2.02839001E+00   1.94670892E+00
  2.10459066E+00   1.99987074E+00   1.71105336E+00
  1.93188019E+00   1.90635790E+00   1.49068104E+00
The toroidal mode   21
 Perpend. k-vec  Curvature        Coriolis
  7.15619603E+00  -1.45557703E-01  -2.11965672E-01
  6.05393800E+00  -3.38337287E+00  -3.11757416E+00
  5.23141860E+00  -4.65004190E+00  -4.70653461E+00
  4.63981818E+00  -4.46347999E+00  -4.93443257E+00
  4.19183950E+00  -3.44265976E+00  -4.05611230E+00
  3.82385431E+00  -2.04622910E+00  -2.50767645E+00
  3.49408453E+00  -5.97914989E-01  -7.74506408E-01
  3.17260402E+00   6.61800480E-01   7.05554566E-01
  2.83569947E+00   1.55004312E+00   1.62147464E+00
  2.47137396E+00   1.96116817E+00   1.87594416E+00
  2.12623248E+00   1.96439633E+00   1.67498872E+00
  2.03508583E+00   1.95150662E+00   1.52346862E+00
