The toroidal mode    1
 Perpend. k-vec  Curvature        Coriolis
  3.37759204E+00  -7.93749035E-01  -6.53481057E-01
  3.37759204E+00  -2.16882079E+00  -1.87488678E+00
  3.37759204E+00  -3.03267948E+00  -2.82688398E+00
  3.37759204E+00  -3.31419565E+00  -3.34167121E+00
  3.37759204E+00  -3.08604615E+00  -3.33124152E+00
  3.37759204E+00  -2.46845450E+00  -2.80786616E+00
  3.37759204E+00  -1.58381554E+00  -1.86572968E+00
  3.37759204E+00  -5.44741646E-01  -6.52985615E-01
  3.37759204E+00   5.44741646E-01   6.52985615E-01
  3.37759204E+00   1.58381554E+00   1.86572968E+00
  3.37759204E+00   2.46845450E+00   2.80786616E+00
  3.37759204E+00   3.08604615E+00   3.33124152E+00
  3.37759204E+00   3.31419565E+00   3.34167121E+00
  3.37759204E+00   3.03267948E+00   2.82688398E+00
  3.37759204E+00   2.16882079E+00   1.87488678E+00
  3.37759204E+00   7.93749035E-01   6.53481057E-01
The toroidal mode    2
 Perpend. k-vec  Curvature        Coriolis
  3.56105818E+00  -7.34546040E-01  -6.09334411E-01
  3.51683748E+00  -2.18076786E+00  -1.88962754E+00
  3.48090466E+00  -3.08460731E+00  -2.87940281E+00
  3.45316759E+00  -3.38310092E+00  -3.41492712E+00
  3.43153683E+00  -3.15892829E+00  -3.41338032E+00
  3.41393767E+00  -2.53955976E+00  -2.89195867E+00
  3.39880624E+00  -1.65178958E+00  -1.94883481E+00
  3.38500431E+00  -6.10627825E-01  -7.34904557E-01
  3.37163668E+00   4.78855468E-01   5.71066672E-01
  3.35788647E+00   1.51584150E+00   1.78262454E+00
  3.34286448E+00   2.39734924E+00   2.72377365E+00
  3.32544424E+00   3.01316401E+00   3.24910271E+00
  3.30407654E+00   3.24529038E+00   3.26841530E+00
  3.27669077E+00   2.98075166E+00   2.77436515E+00
  3.24115225E+00   2.15687372E+00   1.86014603E+00
  3.19722307E+00   8.52952030E-01   6.97627702E-01
  3.14934835E+00  -6.37747378E-01  -5.29641600E-01
  3.10511451E+00  -1.91627752E+00  -1.66098281E+00
  3.06916011E+00  -2.71476835E+00  -2.53466086E+00
  3.04140254E+00  -2.97893072E+00  -3.00740624E+00
  3.01975599E+00  -2.78258120E+00  -3.00713136E+00
  3.00214604E+00  -2.23852872E+00  -2.54953597E+00
  2.98700816E+00  -1.45864134E+00  -1.72130680E+00
  2.97320356E+00  -5.44195916E-01  -6.55272165E-01
  2.95983679E+00   4.12423560E-01   4.91434280E-01
  2.94609110E+00   1.32269327E+00   1.55509653E+00
  2.93107790E+00   2.09631821E+00   2.38135095E+00
  2.91367179E+00   2.63681692E+00   2.84285375E+00
  2.89232500E+00   2.84112018E+00   2.86089442E+00
  2.86496789E+00   2.61091270E+00   2.42962320E+00
  2.82946334E+00   1.89238338E+00   1.63150130E+00
  2.78556294E+00   7.56153368E-01   6.17934891E-01
  2.73769617E+00  -5.40948715E-01  -4.49948788E-01
  2.69344613E+00  -1.65178718E+00  -1.43233808E+00
  2.65746420E+00  -2.34492938E+00  -2.18991891E+00
  2.62968022E+00  -2.57476052E+00  -2.59988536E+00
  2.60801326E+00  -2.40623411E+00  -2.60088239E+00
  2.59038933E+00  -1.93749768E+00  -2.20711327E+00
  2.57524315E+00  -1.26549310E+00  -1.49377879E+00
  2.56143520E+00  -4.77764008E-01  -5.75639773E-01
  2.54806973E+00   3.45991651E-01   4.11801888E-01
  2.53433022E+00   1.12954503E+00   1.32756852E+00
  2.51932889E+00   1.79528717E+00   2.03892825E+00
  2.50194181E+00   2.26046983E+00   2.43660478E+00
  2.48062325E+00   2.43694998E+00   2.45337354E+00
  2.45330496E+00   2.24107374E+00   2.08488125E+00
  2.41784684E+00   1.62789304E+00   1.40285657E+00
  2.37398653E+00   6.59354705E-01   5.38242079E-01
  2.32613225E+00  -4.44150052E-01  -3.70255976E-01
  2.28186187E+00  -1.38729684E+00  -1.20369335E+00
  2.24584368E+00  -1.97509042E+00  -1.84517696E+00
  2.21802443E+00  -2.17059031E+00  -2.19236448E+00
  2.19633005E+00  -2.02988701E+00  -2.19463343E+00
  2.17868735E+00  -1.63646665E+00  -1.86469057E+00
  2.16353010E+00  -1.07234487E+00  -1.26625079E+00
  2.14971785E+00  -4.11332100E-01  -4.96007381E-01
  2.13635450E+00   2.79559743E-01   3.32169496E-01
  2.12262390E+00   9.36396794E-01   1.10004051E+00
  2.10763945E+00   1.49425613E+00   1.69650554E+00
  2.09027941E+00   1.88412274E+00   2.03035581E+00
  2.06900099E+00   2.03277978E+00   2.04585266E+00
  2.04173826E+00   1.87123478E+00   1.74013930E+00
  2.00634731E+00   1.36340270E+00   1.17421184E+00
  1.96254651E+00   5.62556042E-01   4.58549267E-01
  1.91471351E+00  -3.47351389E-01  -2.90563164E-01
  1.87041727E+00  -1.12280650E+00  -9.75048618E-01
  1.83434928E+00  -1.60525146E+00  -1.50043502E+00
  1.80648065E+00  -1.76642011E+00  -1.78484360E+00
  1.78474756E+00  -1.65353992E+00  -1.78838446E+00
  1.76707835E+00  -1.33543561E+00  -1.52226786E+00
  1.75190562E+00  -8.79196631E-01  -1.03872278E+00
  1.73808774E+00  -3.44900192E-01  -4.16374989E-01
  1.72472821E+00   2.13127835E-01   2.52537104E-01
  1.71101151E+00   7.43248557E-01   8.72512503E-01
  1.69605298E+00   1.19322510E+00   1.35408284E+00
  1.67873429E+00   1.50777564E+00   1.62410685E+00
  1.65751746E+00   1.62860958E+00   1.63833178E+00
  1.63034065E+00   1.50139581E+00   1.39539735E+00
  1.59505527E+00   1.09891236E+00   9.45567112E-01
  1.55135142E+00   4.65757379E-01   3.78856455E-01
  1.50355912E+00  -2.50552726E-01  -2.10870352E-01
  1.45923048E+00  -8.58316161E-01  -7.46403889E-01
  1.42309044E+00  -1.23541250E+00  -1.15569307E+00
  1.39514799E+00  -1.36224991E+00  -1.37732272E+00
  1.37335636E+00  -1.27719283E+00  -1.38213549E+00
  1.35564703E+00  -1.03440457E+00  -1.17984516E+00
  1.34045132E+00  -6.86048394E-01  -8.11194766E-01
  1.32662609E+00  -2.78468284E-01  -3.36742597E-01
  1.31327448E+00   1.46695927E-01   1.72904712E-01
  1.29958232E+00   5.50100321E-01   6.44984493E-01
  1.28466845E+00   8.92194059E-01   1.01166014E+00
  1.26742072E+00   1.13142855E+00   1.21785788E+00
  1.24631008E+00   1.22443938E+00   1.23081090E+00
  1.21928332E+00   1.13155685E+00   1.05065540E+00
  1.18418697E+00   8.34422016E-01   7.16922382E-01
  1.14066616E+00   3.68958716E-01   2.99163643E-01
  1.09296746E+00  -1.53754063E-01  -1.31177541E-01
  1.04860481E+00  -5.93825821E-01  -5.17759159E-01
  1.01235425E+00  -8.65573538E-01  -8.10951119E-01
  9.84291191E-01  -9.58079710E-01  -9.69801844E-01
  9.62401760E-01  -9.00845740E-01  -9.75886529E-01
  9.44625581E-01  -7.33373538E-01  -8.37422457E-01
  9.29393268E-01  -4.92900158E-01  -5.83666757E-01
  9.15560060E-01  -2.12036376E-01  -2.57110205E-01
  9.02229437E-01   8.02640192E-02   9.32723198E-02
  8.88590829E-01   3.56952084E-01   4.17456484E-01
  8.73771113E-01   5.91163023E-01   6.69237436E-01
  8.56672260E-01   7.55081461E-01   8.11608918E-01
  8.35786540E-01   8.20269175E-01   8.23290025E-01
  8.09085048E-01   7.61717892E-01   7.05913455E-01
  7.74417112E-01   5.69931676E-01   4.88277652E-01
  7.31350116E-01   2.72160053E-01   2.19470831E-01
  6.83952747E-01  -5.69554004E-02  -5.14847287E-02
  6.39621878E-01  -3.29335480E-01  -2.89114429E-01
  6.03209352E-01  -4.95734577E-01  -4.66209171E-01
  5.74931313E-01  -5.53909509E-01  -5.62280964E-01
  5.52858251E-01  -5.24498649E-01  -5.69637564E-01
  5.34959564E-01  -4.32342501E-01  -4.94999754E-01
  5.19672572E-01  -2.99751921E-01  -3.56138748E-01
  5.05855021E-01  -1.45604468E-01  -1.77477813E-01
  4.92617197E-01   1.38321112E-02   1.36399278E-02
  4.79164641E-01   1.63803847E-01   1.89928475E-01
  4.64655289E-01   2.90131986E-01   3.26814733E-01
  4.48045856E-01   3.78734370E-01   4.05359953E-01
  4.27919502E-01   4.16098974E-01   4.15769146E-01
  4.02381729E-01   3.91878931E-01   3.61171506E-01
  3.69419262E-01   3.05441336E-01   2.59632922E-01
  3.28561004E-01   1.75361390E-01   1.39778020E-01
  2.83426331E-01   3.98432624E-02   2.82080831E-02
  2.40802584E-01  -6.48451402E-02  -6.04696993E-02
  2.05396074E-01  -1.25895615E-01  -1.21467222E-01
  1.77731595E-01  -1.49739308E-01  -1.54760085E-01
  1.56246545E-01  -1.48151558E-01  -1.63388599E-01
  1.39181974E-01  -1.31311465E-01  -1.52577051E-01
  1.25191677E-01  -1.06603684E-01  -1.28610738E-01
  1.13375578E-01  -7.91725601E-02  -9.78454211E-02
  1.03204110E-01  -5.25997969E-02  -6.59924643E-02
  9.44959498E-02  -2.93443895E-02  -3.75995347E-02
  8.75143162E-02  -1.08990500E-02  -1.56079700E-02
  8.32373520E-02   2.38727867E-03  -8.89012521E-04
  8.37657487E-02   1.19287728E-02   8.24826670E-03
  9.23533211E-02   2.20399691E-02   1.64295575E-02
  1.12004279E-01   4.09509958E-02   3.09881926E-02
  1.42679058E-01   7.85627276E-02   6.00852079E-02
  1.79430345E-01   1.36641925E-01   1.07900895E-01
  2.14898258E-01   1.99645200E-01   1.68175030E-01
  2.44620545E-01   2.43943346E-01   2.23274727E-01
  2.68247393E-01   2.54430894E-01   2.52760794E-01
  2.87227017E-01   2.28195533E-01   2.42860367E-01
  3.03128930E-01   1.69719572E-01   1.89845652E-01
  3.17193898E-01   8.65445525E-02   9.89172709E-02
  3.30370066E-01  -1.27406520E-02  -1.82130290E-02
  3.43447396E-01  -1.19031705E-01  -1.45624856E-01
  3.57191622E-01  -2.22492626E-01  -2.65127544E-01
  3.72476325E-01  -3.11930086E-01  -3.58030673E-01
  3.90432406E-01  -3.73959813E-01  -4.07137978E-01
  4.12606277E-01  -3.92241428E-01  -3.99272613E-01
  4.40990766E-01  -3.47798992E-01  -3.28312391E-01
  4.77435823E-01  -2.23539344E-01  -1.97656537E-01
  5.21620488E-01  -1.82359353E-02  -1.96076040E-02
  5.68670073E-01   2.33440588E-01   1.87593707E-01
  6.11311932E-01   4.64135540E-01   3.96819760E-01
  6.45613285E-01   6.13782307E-01   5.68016675E-01
  6.72049438E-01   6.58601095E-01   6.60281674E-01
  6.92756361E-01   6.04542625E-01   6.49109332E-01
  7.09738201E-01   4.70750608E-01   5.32268355E-01
  7.24483693E-01   2.79692789E-01   3.26445280E-01
  7.38078843E-01   5.36912560E-02   6.14193630E-02
  7.51389897E-01  -1.85463613E-01  -2.25257248E-01
  7.65224062E-01  -4.15640863E-01  -4.92655553E-01
  7.80476848E-01  -6.12961123E-01  -7.00453376E-01
  7.98293248E-01  -7.50306904E-01  -8.13386943E-01
  8.20241927E-01  -7.96411630E-01  -8.06793492E-01
  8.48376222E-01  -7.17637954E-01  -6.73054340E-01
  8.84686730E-01  -4.88029684E-01  -4.26301267E-01
  9.29055538E-01  -1.15034598E-01  -9.93004158E-02
  9.76678911E-01   3.30239251E-01   2.67286519E-01
  1.02007300E+00   7.28625880E-01   6.25464490E-01
  1.05504477E+00   9.83621269E-01   9.12758624E-01
  1.08197499E+00   1.06277130E+00   1.06780255E+00
  1.10301815E+00   9.80889716E-01   1.05535830E+00
  1.12022101E+00   7.71781645E-01   8.74691058E-01
  1.13510656E+00   4.72841026E-01   5.53973290E-01
  1.14878284E+00   1.20123164E-01   1.41051755E-01
  1.16212869E+00  -2.51895521E-01  -3.04889640E-01
  1.17595728E+00  -6.08789100E-01  -7.20183563E-01
  1.19116550E+00  -9.13992159E-01  -1.04287608E+00
  1.20889718E+00  -1.12665400E+00  -1.21963591E+00
  1.23072147E+00  -1.20058183E+00  -1.21431437E+00
  1.25870458E+00  -1.08747692E+00  -1.01779629E+00
  1.29488297E+00  -7.52520025E-01  -6.54945997E-01
  1.33922593E+00  -2.11833261E-01  -1.78993228E-01
  1.38699076E+00   4.27037914E-01   3.46979330E-01
  1.43063665E+00   9.93116220E-01   8.54109220E-01
  1.46586085E+00   1.35346023E+00   1.25750057E+00
  1.49298859E+00   1.46694150E+00   1.47532343E+00
  1.51417051E+00   1.35723681E+00   1.46160726E+00
  1.53146582E+00   1.07281268E+00   1.21711376E+00
  1.54640966E+00   6.65989263E-01   7.81501299E-01
  1.56011836E+00   1.86555072E-01   2.20684147E-01
  1.57347546E+00  -3.18327429E-01  -3.84522032E-01
  1.58729607E+00  -8.01937336E-01  -9.47711572E-01
  1.60247684E+00  -1.21502320E+00  -1.38529878E+00
  1.62015997E+00  -1.50300109E+00  -1.62588487E+00
  1.64191336E+00  -1.60475203E+00  -1.62183525E+00
  1.66980773E+00  -1.45731588E+00  -1.36253824E+00
  1.70590118E+00  -1.01701036E+00  -8.83590726E-01
  1.75020960E+00  -3.08631924E-01  -2.58686039E-01
  1.79802967E+00   5.23836577E-01   4.26672142E-01
  1.84179781E+00   1.25760656E+00   1.08275395E+00
  1.87715270E+00   1.72329919E+00   1.60224252E+00
  1.90438589E+00   1.87111170E+00   1.88284431E+00
  1.92564308E+00   1.73358390E+00   1.86785623E+00
  1.94298884E+00   1.37384372E+00   1.55953646E+00
  1.95796436E+00   8.59137499E-01   1.00902931E+00
  1.97169019E+00   2.52986980E-01   3.00316539E-01
  1.98505229E+00  -3.84759337E-01  -4.64154424E-01
  1.99886661E+00  -9.95085573E-01  -1.17523958E+00
  2.01402940E+00  -1.51605423E+00  -1.72772148E+00
  2.03168154E+00  -1.87934818E+00  -2.03213384E+00
  2.05338971E+00  -2.00892223E+00  -2.02935613E+00
  2.08122659E+00  -1.82715484E+00  -1.70728019E+00
  2.11726271E+00  -1.28150070E+00  -1.11223546E+00
  2.16154269E+00  -4.05430587E-01  -3.38378851E-01
  2.20938988E+00   6.20635240E-01   5.06364954E-01
  2.25322940E+00   1.52209690E+00   1.31139868E+00
  2.28866383E+00   2.09313815E+00   1.94698447E+00
  2.31596243E+00   2.27528190E+00   2.29036519E+00
  2.33726674E+00   2.10993099E+00   2.27410519E+00
  2.35464421E+00   1.67487475E+00   1.90195917E+00
  2.36963956E+00   1.05228574E+00   1.23655732E+00
  2.38337592E+00   3.19418888E-01   3.79948931E-01
  2.39674067E+00  -4.51191245E-01  -5.43786816E-01
  2.41055021E+00  -1.18823381E+00  -1.40276759E+00
  2.42570041E+00  -1.81708527E+00  -2.07014419E+00
  2.44333115E+00  -2.25569527E+00  -2.43838280E+00
  2.46500806E+00  -2.41309243E+00  -2.43687701E+00
  2.49280485E+00  -2.19699380E+00  -2.05202213E+00
  2.52880003E+00  -1.54599105E+00  -1.34088019E+00
  2.57305764E+00  -5.02229250E-01  -4.18071663E-01
  2.62092012E+00   7.17433902E-01   5.86057766E-01
  2.66480617E+00   1.78658724E+00   1.54004341E+00
  2.70029399E+00   2.46297711E+00   2.29172642E+00
  2.72763706E+00   2.67945210E+00   2.69788607E+00
  2.74897363E+00   2.48627808E+00   2.68035416E+00
  2.76637285E+00   1.97590579E+00   2.24438187E+00
  2.78138176E+00   1.24543397E+00   1.46408533E+00
  2.79512521E+00   3.85850796E-01   4.59581323E-01
  2.80849153E+00  -5.17623153E-01  -6.23419208E-01
  2.82229738E+00  -1.38138205E+00  -1.63029560E+00
  2.83743831E+00  -2.11811631E+00  -2.41256689E+00
  2.85505340E+00  -2.63204236E+00  -2.84463177E+00
  2.87670746E+00  -2.81726264E+00  -2.84439789E+00
  2.90447475E+00  -2.56683276E+00  -2.39676408E+00
  2.94043933E+00  -1.81048139E+00  -1.56952492E+00
  2.98467923E+00  -5.99027912E-01  -4.97764475E-01
  3.03255115E+00   8.14232565E-01   6.65750578E-01
  3.07646986E+00   2.05107758E+00   1.76868814E+00
  3.11199594E+00   2.83281608E+00   2.63646837E+00
  3.13937121E+00   3.08362230E+00   3.10540695E+00
  3.16073123E+00   2.86262517E+00   3.08660312E+00
  3.17814627E+00   2.27693683E+00   2.58680457E+00
  3.19316504E+00   1.43858221E+00   1.69161334E+00
  3.20691359E+00   4.52282704E-01   5.39213715E-01
  3.22028092E+00  -5.84055061E-01  -7.03051600E-01
  3.23408385E+00  -1.57453028E+00  -1.85782361E+00
  3.24921768E+00  -2.41914734E+00  -2.75498959E+00
  3.26682084E+00  -3.00838945E+00  -3.25088074E+00
  3.28845747E+00  -3.22143284E+00  -3.25191877E+00
  3.31620216E+00  -2.93667172E+00  -2.74150603E+00
  3.35214303E+00  -2.07497173E+00  -1.79816965E+00
  3.39636867E+00  -6.95826575E-01  -5.77457287E-01
The toroidal mode    3
 Perpend. k-vec  Curvature        Coriolis
  3.74716660E+00  -6.75343045E-01  -5.65187766E-01
  3.65856824E+00  -2.19271493E+00  -1.90436829E+00
  3.58642024E+00  -3.13653513E+00  -2.93192164E+00
  3.53067089E+00  -3.45200619E+00  -3.48818303E+00
  3.48719520E+00  -3.23181043E+00  -3.49551913E+00
  3.45185026E+00  -2.61066501E+00  -2.97605118E+00
  3.42150101E+00  -1.71976361E+00  -2.03193995E+00
  3.39386394E+00  -6.76514003E-01  -8.16823500E-01
  3.36714596E+00   4.12969289E-01   4.89147729E-01
  3.33971623E+00   1.44786747E+00   1.69951940E+00
  3.30980591E+00   2.32624398E+00   2.63968114E+00
  3.27517927E+00   2.94028187E+00   3.16696390E+00
  3.23276164E+00   3.17638512E+00   3.19515939E+00
  3.17843050E+00   2.92882384E+00   2.72184631E+00
  3.10788765E+00   2.14492664E+00   1.84540528E+00
  3.02050617E+00   9.12155025E-01   7.41774348E-01
  2.92493361E+00  -4.81745720E-01  -4.05802142E-01
  2.83626923E+00  -1.66373425E+00  -1.44707883E+00
  2.76397121E+00  -2.39685721E+00  -2.24243775E+00
  2.70806750E+00  -2.64366578E+00  -2.67314127E+00
  2.66446916E+00  -2.47911625E+00  -2.68302120E+00
  2.62904019E+00  -2.00860294E+00  -2.29120578E+00
  2.59864296E+00  -1.33346714E+00  -1.57688393E+00
  2.57099084E+00  -5.43650187E-01  -6.57558716E-01
  2.54429008E+00   2.80105473E-01   3.29882945E-01
  2.51691279E+00   1.06157099E+00   1.24446338E+00
  2.48709763E+00   1.72418191E+00   1.95483574E+00
  2.45262213E+00   2.18758769E+00   2.35446597E+00
  2.41043083E+00   2.36804471E+00   2.38011763E+00
  2.35642003E+00   2.18914591E+00   2.03236242E+00
  2.28628207E+00   1.61594596E+00   1.38811582E+00
  2.19929535E+00   7.18557700E-01   5.82388724E-01
  2.10392925E+00  -2.88148394E-01  -2.46416519E-01
  2.01519905E+00  -1.13475357E+00  -9.89789372E-01
  1.94266984E+00  -1.65717928E+00  -1.55295385E+00
  1.88651126E+00  -1.83532538E+00  -1.85809951E+00
  1.84270562E+00  -1.72642206E+00  -1.87052327E+00
  1.80713503E+00  -1.40654087E+00  -1.60636037E+00
  1.77666088E+00  -9.47170668E-01  -1.12182791E+00
  1.74899340E+00  -4.10786371E-01  -4.98293932E-01
  1.72233989E+00   1.47241657E-01   1.70618161E-01
  1.69508055E+00   6.75274521E-01   7.89407366E-01
  1.66547190E+00   1.12211984E+00   1.26999033E+00
  1.63132275E+00   1.43489350E+00   1.54196804E+00
  1.58962522E+00   1.55970431E+00   1.56507588E+00
  1.53633096E+00   1.44946799E+00   1.34287852E+00
  1.46714291E+00   1.08696528E+00   9.30826358E-01
  1.38117526E+00   5.24960374E-01   4.23003101E-01
  1.28650786E+00  -9.45510683E-02  -8.70308950E-02
  1.19788725E+00  -6.05772893E-01  -5.32499912E-01
  1.12503239E+00  -9.17501362E-01  -8.63469951E-01
  1.06842054E+00  -1.02698498E+00  -1.04305775E+00
  1.02422393E+00  -9.73727880E-01  -1.05802534E+00
  9.88394799E-01  -8.04478795E-01  -9.21514967E-01
  9.57812645E-01  -5.60874194E-01  -6.66771894E-01
  9.30195938E-01  -2.77922555E-01  -3.39029148E-01
  9.03769854E-01   1.43778408E-02   1.13533771E-02
  8.76954213E-01   2.88978047E-01   3.34351347E-01
  8.48080905E-01   5.20057766E-01   5.85144925E-01
  8.15092073E-01   6.82199322E-01   7.29470113E-01
  7.75204765E-01   7.51363908E-01   7.50034116E-01
  7.24715695E-01   7.09790069E-01   6.53394623E-01
  6.59722288E-01   5.57984604E-01   4.73536899E-01
  5.79389947E-01   3.31363048E-01   2.63617477E-01
  4.90906539E-01   9.90462574E-02   7.23547286E-02
  4.07606518E-01  -7.67922125E-02  -7.52104527E-02
  3.38721477E-01  -1.77823439E-01  -1.73986054E-01
  2.85346669E-01  -2.18644575E-01  -2.28015994E-01
  2.44556470E-01  -2.21033697E-01  -2.45527404E-01
  2.13105801E-01  -2.02416722E-01  -2.36669562E-01
  1.88649977E-01  -1.74577721E-01  -2.11715875E-01
  1.69863519E-01  -1.45058739E-01  -1.79764364E-01
  1.56357758E-01  -1.18485975E-01  -1.47911407E-01
  1.48666981E-01  -9.73184264E-02  -1.20704671E-01
  1.48284692E-01  -8.20043073E-02  -9.97004805E-02
  1.57603347E-01  -7.04948609E-02  -8.30278181E-02
  1.79663806E-01  -5.69764946E-02  -6.50076425E-02
  2.17750813E-01  -2.98878541E-02  -3.60892747E-02
  2.74337788E-01   2.90039236E-02   1.62474392E-02
  3.47912184E-01   1.37765723E-01   1.04231853E-01
  4.29160275E-01   2.92643583E-01   2.31740352E-01
  5.04633369E-01   4.52188468E-01   3.82079007E-01
  5.66629641E-01   5.61854484E-01   5.15497843E-01
  6.15325567E-01   5.89695827E-01   5.87025765E-01
  6.54128144E-01   5.31660485E-01   5.66970526E-01
  6.86444785E-01   3.99645351E-01   4.48175844E-01
  7.14895183E-01   2.11718752E-01   2.43340144E-01
  7.41448113E-01  -1.21949225E-02  -2.04995797E-02
  7.67722674E-01  -2.51349791E-01  -3.07176191E-01
  7.95272034E-01  -4.83614900E-01  -5.75760690E-01
  8.25855941E-01  -6.84066380E-01  -7.84545886E-01
  8.61745380E-01  -8.23189043E-01  -8.95525749E-01
  9.06045416E-01  -8.65316897E-01  -8.80049401E-01
  9.62767133E-01  -7.69565777E-01  -7.25573172E-01
  1.03565994E+00  -4.99976757E-01  -4.41042020E-01
  1.12414217E+00  -5.58316031E-02  -5.51537703E-02
  1.21847052E+00   4.86240909E-01   3.91125976E-01
  1.30402038E+00   9.81169148E-01   8.39368466E-01
  1.37284690E+00   1.30153241E+00   1.20498174E+00
  1.42587901E+00   1.39803623E+00   1.40206752E+00
  1.46739972E+00   1.28435467E+00   1.37946846E+00
  1.50143310E+00   1.00170742E+00   1.13302125E+00
  1.53096832E+00   5.98015226E-01   6.98396162E-01
  1.55818470E+00   1.20668894E-01   1.38765204E-01
  1.58481892E+00  -3.84213608E-01  -4.66440975E-01
  1.61248749E+00  -8.69911373E-01  -1.03081671E+00
  1.64298213E+00  -1.28612845E+00  -1.46939129E+00
  1.67859285E+00  -1.57588323E+00  -1.70802368E+00
  1.72245757E+00  -1.67365730E+00  -1.69509116E+00
  1.77868722E+00  -1.50924370E+00  -1.41505707E+00
  1.85127641E+00  -1.02895744E+00  -8.98331480E-01
  1.94001312E+00  -2.49428929E-01  -2.14539394E-01
  2.03530461E+00   6.79838235E-01   5.50511600E-01
  2.12216541E+00   1.51014983E+00   1.29665793E+00
  2.19217943E+00   2.04121033E+00   1.89446564E+00
  2.24609414E+00   2.20637663E+00   2.21710928E+00
  2.28821826E+00   2.03704885E+00   2.19196639E+00
  2.32264910E+00   1.60376950E+00   1.81786666E+00
  2.35243606E+00   9.84311699E-01   1.15345218E+00
  2.37979755E+00   2.53532710E-01   2.98029988E-01
  2.40649257E+00  -5.17077424E-01  -6.25705759E-01
  2.43414806E+00  -1.25620785E+00  -1.48587273E+00
  2.46455779E+00  -1.88819053E+00  -2.15423670E+00
  2.50000907E+00  -2.32857741E+00  -2.52052161E+00
  2.54363999E+00  -2.48199770E+00  -2.51013292E+00
  2.59958429E+00  -2.24892162E+00  -2.10454097E+00
  2.67192061E+00  -1.55793812E+00  -1.35562094E+00
  2.76059935E+00  -4.43026255E-01  -3.73925018E-01
  2.85614457E+00   8.73435560E-01   7.09897223E-01
  2.94346827E+00   2.03913051E+00   1.75394739E+00
  3.01395010E+00   2.78088825E+00   2.58394953E+00
  3.06823229E+00   3.01471704E+00   3.03215104E+00
  3.11061509E+00   2.78974303E+00   3.00446432E+00
  3.14521841E+00   2.20583157E+00   2.50271206E+00
  3.17511408E+00   1.37060817E+00   1.60850820E+00
  3.20253583E+00   3.86396526E-01   4.57294772E-01
  3.22925139E+00  -6.49941240E-01  -7.84970543E-01
  3.25689118E+00  -1.64250432E+00  -1.94092875E+00
  3.28724846E+00  -2.49025260E+00  -2.83908210E+00
  3.32260730E+00  -3.08127159E+00  -3.33301954E+00
  3.36610328E+00  -3.29033810E+00  -3.32517468E+00
  3.42187833E+00  -2.98859955E+00  -2.79402486E+00
  3.49405176E+00  -2.08691880E+00  -1.81291040E+00
  3.58266230E+00  -6.36623580E-01  -5.33310641E-01
The toroidal mode    4
 Perpend. k-vec  Curvature        Coriolis
  3.93554247E+00  -6.16140050E-01  -5.21041120E-01
  3.80250643E+00  -2.20466201E+00  -1.91910904E+00
  3.69395002E+00  -3.18846295E+00  -2.98444048E+00
  3.60997780E+00  -3.52091145E+00  -3.56143894E+00
  3.54448645E+00  -3.30469257E+00  -3.57765793E+00
  3.49127876E+00  -2.68177027E+00  -3.06014370E+00
  3.44564709E+00  -1.78773765E+00  -2.11504509E+00
  3.40415963E+00  -7.42400182E-01  -8.98742443E-01
  3.36412574E+00   3.47083111E-01   4.07228787E-01
  3.32310651E+00   1.37989343E+00   1.61641427E+00
  3.27846684E+00   2.25513873E+00   2.55558863E+00
  3.22688511E+00   2.86739973E+00   3.08482510E+00
  3.16379614E+00   3.10747985E+00   3.12190348E+00
  3.08306376E+00   2.87689601E+00   2.66932748E+00
  2.97822451E+00   2.13297957E+00   1.83066452E+00
  2.84812121E+00   9.71358020E-01   7.85920993E-01
  2.70530087E+00  -3.25744062E-01  -2.81962685E-01
  2.57219535E+00  -1.41119099E+00  -1.23317485E+00
  2.46323104E+00  -2.07894607E+00  -1.95021463E+00
  2.37878718E+00  -2.30840085E+00  -2.33887630E+00
  2.31290662E+00  -2.17565129E+00  -2.35891104E+00
  2.25943411E+00  -1.77867716E+00  -2.03287559E+00
  2.21366447E+00  -1.20829294E+00  -1.43246106E+00
  2.17216284E+00  -5.43104457E-01  -6.59845266E-01
  2.13224357E+00   1.47787386E-01   1.68331611E-01
  2.09148742E+00   8.00448720E-01   9.33830239E-01
  2.04730040E+00   1.35204562E+00   1.52832052E+00
  1.99643282E+00   1.73835846E+00   1.86607820E+00
  1.93443185E+00   1.89496924E+00   1.89934085E+00
  1.85530350E+00   1.76737913E+00   1.63510164E+00
  1.75265419E+00   1.33950855E+00   1.14473033E+00
  1.62503706E+00   6.80962032E-01   5.46842558E-01
  1.48416369E+00  -3.53480733E-02  -4.28842495E-02
  1.35175941E+00  -6.17719965E-01  -5.47240666E-01
  1.24244851E+00  -9.69429185E-01  -9.15988784E-01
  1.15725880E+00  -1.09589025E+00  -1.11631366E+00
  1.09069730E+00  -1.04661002E+00  -1.14016414E+00
  1.03681648E+00  -8.75584052E-01  -1.00560748E+00
  9.90993286E-01  -6.28848231E-01  -7.49877030E-01
  9.49847792E-01  -3.43808733E-01  -4.20948090E-01
  9.10776607E-01  -5.15083377E-02  -7.05655655E-02
  8.71511983E-01   2.21004010E-01   2.51246211E-01
  8.29737210E-01   4.48952508E-01   5.01052415E-01
  7.82707627E-01   6.09317182E-01   6.47331307E-01
  7.26896079E-01   6.82458641E-01   6.76778207E-01
  6.57989910E-01   6.57862246E-01   6.00875790E-01
  5.72453446E-01   5.46037532E-01   4.58796145E-01
  4.72892378E-01   3.90566043E-01   3.07764122E-01
  3.75182164E-01   2.55047915E-01   1.96194186E-01
  3.03724921E-01   1.75751055E-01   1.38693524E-01
  2.71625102E-01   1.40087700E-01   1.18237062E-01
  2.71658180E-01   1.16620359E-01   1.06248976E-01
  2.89197011E-01   8.24312543E-02   7.85827555E-02
  3.14428195E-01   2.75090573E-02   2.16606307E-02
  3.43155567E-01  -4.94035212E-02  -6.72930022E-02
  3.74247224E-01  -1.44513009E-01  -1.82050914E-01
  4.08039440E-01  -2.50804062E-01  -3.09462742E-01
  4.45732431E-01  -3.58440700E-01  -4.31337817E-01
  4.89305104E-01  -4.54140601E-01  -5.26215694E-01
  5.41709539E-01  -5.19724092E-01  -5.71415589E-01
  6.07173777E-01  -5.30051963E-01  -5.45784431E-01
  6.91144797E-01  -4.51654639E-01  -4.33350056E-01
  7.98460981E-01  -2.47433489E-01  -2.27138044E-01
  9.27598895E-01   1.00170055E-01   6.86856870E-02
  1.06428954E+00   5.45443904E-01   4.35272621E-01
  1.18792883E+00   9.69222076E-01   8.24627713E-01
  1.28756082E+00   1.24960458E+00   1.15246291E+00
  1.36465349E+00   1.32913096E+00   1.32881161E+00
  1.42533504E+00   1.21147253E+00   1.29732965E+00
  1.47535505E+00   9.30602167E-01   1.04892874E+00
  1.51900446E+00   5.30041189E-01   6.15291026E-01
  1.55943640E+00   5.47827152E-02   5.68462617E-02
  1.59919014E+00  -4.50099786E-01  -5.48359918E-01
  1.64065609E+00  -9.37885410E-01  -1.11392185E+00
  1.68650701E+00  -1.35723371E+00  -1.55348380E+00
  1.74017182E+00  -1.64876537E+00  -1.79016249E+00
  1.80634239E+00  -1.74256257E+00  -1.76834707E+00
  1.89112197E+00  -1.56117152E+00  -1.46757590E+00
  2.00032689E+00  -1.04090451E+00  -9.13072233E-01
  2.13335018E+00  -1.90225934E-01  -1.70392748E-01
  2.27565233E+00   8.35839892E-01   6.74351057E-01
  2.40500140E+00   1.76269310E+00   1.51056190E+00
  2.50913855E+00   2.35912147E+00   2.18668875E+00
  2.58934179E+00   2.54164157E+00   2.55137425E+00
  2.65206633E+00   2.34051380E+00   2.51607655E+00
  2.70340724E+00   1.83369528E+00   2.07619685E+00
  2.74789449E+00   1.10948590E+00   1.29787505E+00
  2.78882656E+00   2.54078439E-01   2.95743438E-01
  2.82882533E+00  -6.49395510E-01  -7.87257094E-01
  2.87032371E+00  -1.51733012E+00  -1.79650587E+00
  2.91601150E+00  -2.26032682E+00  -2.58075191E+00
  2.96932273E+00  -2.77780664E+00  -3.00890938E+00
  3.03496564E+00  -2.95507317E+00  -2.99090971E+00
  3.11912395E+00  -2.67068841E+00  -2.50180175E+00
  3.22784854E+00  -1.83437553E+00  -1.59900642E+00
  3.36093097E+00  -4.80621922E-01  -4.09471184E-01
The toroidal mode    5
 Perpend. k-vec  Curvature        Coriolis
  4.12587521E+00  -5.56937055E-01  -4.76894475E-01
  3.94841062E+00  -2.21660908E+00  -1.93384980E+00
  3.80332315E+00  -3.24039078E+00  -3.03695931E+00
  3.69097206E+00  -3.58981672E+00  -3.63469485E+00
  3.60333269E+00  -3.37757471E+00  -3.65979674E+00
  3.53217240E+00  -2.75287553E+00  -3.14423621E+00
  3.47121419E+00  -1.85571169E+00  -2.19815022E+00
  3.41587839E+00  -8.08286360E-01  -9.80661385E-01
  3.36257998E+00   2.81196932E-01   3.25309844E-01
  3.30808081E+00   1.31191939E+00   1.53330913E+00
  3.24889701E+00   2.18403347E+00   2.47149612E+00
  3.18065153E+00   2.79451759E+00   3.00268629E+00
  3.09733698E+00   3.03857458E+00   3.04864757E+00
  2.99086736E+00   2.82496819E+00   2.61680865E+00
  2.85265396E+00   2.12103250E+00   1.81592377E+00
  2.68090398E+00   1.03056102E+00   8.30067639E-01
  2.49171497E+00  -1.69742404E-01  -1.58123228E-01
  2.31452664E+00  -1.15864772E+00  -1.01927088E+00
  2.16879106E+00  -1.76103493E+00  -1.65799151E+00
  2.05551115E+00  -1.97313592E+00  -2.00461133E+00
  1.96706623E+00  -1.87218634E+00  -2.03480088E+00
  1.89537630E+00  -1.54875138E+00  -1.77454539E+00
  1.83420644E+00  -1.08311874E+00  -1.28803819E+00
  1.77899747E+00  -5.42558728E-01  -6.62131817E-01
  1.72620555E+00   1.54692999E-02   6.78027585E-03
  1.67268098E+00   5.39326447E-01   6.23197093E-01
  1.61510698E+00   9.79909324E-01   1.10180531E+00
  1.54940290E+00   1.28912923E+00   1.37769043E+00
  1.47006575E+00   1.42189378E+00   1.41856406E+00
  1.36979857E+00   1.34561235E+00   1.23784086E+00
  1.24096567E+00   1.06307114E+00   9.01344851E-01
  1.08208000E+00   6.43366364E-01   5.11296392E-01
  9.07552224E-01   2.17452247E-01   1.60648020E-01
  7.43862154E-01  -1.00686357E-01  -1.04691959E-01
  6.09305010E-01  -2.81679085E-01  -2.79023719E-01
  5.06149888E-01  -3.56455110E-01  -3.74527813E-01
  4.28838988E-01  -3.66797977E-01  -4.09805015E-01
  3.71309923E-01  -3.44627236E-01  -4.04854583E-01
  3.29406701E-01  -3.10525795E-01  -3.77926148E-01
  3.01079816E-01  -2.76831096E-01  -3.43602249E-01
  2.86072232E-01  -2.50258332E-01  -3.11749292E-01
  2.85543148E-01  -2.33266500E-01  -2.86914944E-01
  3.01694538E-01  -2.24214822E-01  -2.67885502E-01
  3.37586690E-01  -2.16259140E-01  -2.47305429E-01
  3.97366875E-01  -1.94787029E-01  -2.11519461E-01
  4.86434939E-01  -1.33743500E-01  -1.41126939E-01
  6.09563122E-01   5.10977917E-03  -1.32340676E-02
  7.64040807E-01   2.56171713E-01   1.92525144E-01
  9.31594759E-01   6.04646899E-01   4.79419267E-01
  1.08574328E+00   9.57275004E-01   8.09886960E-01
  1.21163557E+00   1.19767676E+00   1.09994408E+00
  1.31013723E+00   1.26022570E+00   1.25555570E+00
  1.38840428E+00   1.13859039E+00   1.21519085E+00
  1.45344453E+00   8.59496909E-01   9.64836229E-01
  1.51060072E+00   4.62067152E-01   5.32185889E-01
  1.56386583E+00  -1.11034633E-02  -2.50726810E-02
  1.61650835E+00  -5.15985965E-01  -6.30278860E-01
  1.67165138E+00  -1.00585945E+00  -1.19702698E+00
  1.73282395E+00  -1.42833897E+00  -1.63757631E+00
  1.80457486E+00  -1.72164751E+00  -1.87230129E+00
  1.89312382E+00  -1.81146783E+00  -1.84160298E+00
  2.00651439E+00  -1.61309935E+00  -1.52009473E+00
  2.15228921E+00  -1.05285158E+00  -9.27812987E-01
  2.32934107E+00  -1.31022939E-01  -1.26246103E-01
  2.51819316E+00   9.91841550E-01   7.98190514E-01
  2.68952715E+00   2.01523636E+00   1.72446588E+00
  2.82738026E+00   2.67703261E+00   2.47891187E+00
  2.93358852E+00   2.87690650E+00   2.88563922E+00
  3.01672674E+00   2.64397875E+00   2.84018671E+00
  3.08485675E+00   2.06362106E+00   2.33452704E+00
  3.14396732E+00   1.23466010E+00   1.44229793E+00
  3.19842365E+00   2.54624169E-01   2.93456887E-01
  3.25170285E+00  -7.81713597E-01  -9.48808428E-01
  3.30703977E+00  -1.77845239E+00  -2.10713902E+00
  3.36801846E+00  -2.63246311E+00  -3.00726712E+00
  3.43921885E+00  -3.22703587E+00  -3.49729715E+00
  3.52691726E+00  -3.42814864E+00  -3.47168650E+00
  3.63933940E+00  -3.09245519E+00  -2.89906253E+00
  3.78448685E+00  -2.11081294E+00  -1.84239191E+00
  3.96195804E+00  -5.18217590E-01  -4.45017350E-01
The toroidal mode    6
 Perpend. k-vec  Curvature        Coriolis
  4.31790606E+00  -4.97734060E-01  -4.32747829E-01
  4.09607075E+00  -2.22855615E+00  -1.94859055E+00
  3.91438512E+00  -3.29231860E+00  -3.08947814E+00
  3.77354500E+00  -3.65872199E+00  -3.70795076E+00
  3.66365898E+00  -3.45045685E+00  -3.74193554E+00
  3.57448090E+00  -2.82398079E+00  -3.22832872E+00
  3.49817117E+00  -1.92368573E+00  -2.28125536E+00
  3.42900565E+00  -8.74172538E-01  -1.06258033E+00
  3.36251073E+00   2.15310754E-01   2.43390901E-01
  3.29466081E+00   1.24394536E+00   1.45020399E+00
  3.22114515E+00   2.11292821E+00   2.38740361E+00
  3.13656966E+00   2.72163545E+00   2.92054749E+00
  3.03354891E+00   2.96966931E+00   2.97539167E+00
  2.90214344E+00   2.77304037E+00   2.56428982E+00
  2.73174044E+00   2.10908543E+00   1.80118302E+00
  2.51988345E+00   1.08976401E+00   8.74214284E-01
  2.28587156E+00  -1.37407461E-02  -3.42837704E-02
  2.06566140E+00  -9.06104450E-01  -8.05366902E-01
  1.88360809E+00  -1.44312379E+00  -1.36576840E+00
  1.74158619E+00  -1.63787098E+00  -1.67034636E+00
  1.63059299E+00  -1.56872139E+00  -1.71069072E+00
  1.54080460E+00  -1.31882560E+00  -1.51621520E+00
  1.46456608E+00  -9.57944542E-01  -1.14361531E+00
  1.39628638E+00  -5.42012998E-01  -6.64418368E-01
  1.33168352E+00  -1.16848787E-01  -1.54771059E-01
  1.26707383E+00   2.78204173E-01   3.12563947E-01
  1.19877000E+00   6.07773030E-01   6.75290097E-01
  1.12252902E+00   8.39899994E-01   8.89302661E-01
  1.03313936E+00   9.48818307E-01   9.37787268E-01
  9.24827846E-01   9.23845561E-01   8.40580074E-01
  7.94784848E-01   7.86633727E-01   6.57959368E-01
  6.53724016E-01   6.05770696E-01   4.75750225E-01
  5.37815811E-01   4.70252568E-01   3.64180289E-01
  4.89141514E-01   4.16347251E-01   3.37856747E-01
  5.06644848E-01   4.06071015E-01   3.57941346E-01
  5.56546532E-01   3.82980025E-01   3.67258037E-01
  6.15151098E-01   3.13014066E-01   3.20554110E-01
  6.74080813E-01   1.86329579E-01   1.95898313E-01
  7.32015789E-01   7.79664186E-03  -5.97526601E-03
  7.90121884E-01  -2.09853458E-01  -2.66256408E-01
  8.50543704E-01  -4.49008327E-01  -5.52933019E-01
  9.16134995E-01  -6.87537010E-01  -8.25076100E-01
  9.90688610E-01  -8.97382152E-01  -1.03682342E+00
  1.07945104E+00  -1.04183546E+00  -1.14194217E+00
  1.18973774E+00  -1.07203270E+00  -1.09981713E+00
  1.33090853E+00  -9.25349247E-01  -8.83129669E-01
  1.51132428E+00  -5.35817973E-01  -4.85264280E-01
  1.72859439E+00   1.21777382E-01   7.72861662E-02
  1.95867912E+00   9.54245883E-01   7.62644348E-01
  2.16672629E+00   1.73879895E+00   1.48108040E+00
  2.33421069E+00   2.25526582E+00   2.08165109E+00
  2.46363686E+00   2.40383103E+00   2.40486243E+00
  2.56537117E+00   2.19474952E+00   2.35179894E+00
  2.64911911E+00   1.69148476E+00   1.90801183E+00
  2.72210973E+00   9.73537825E-01   1.13166478E+00
  2.78964344E+00   1.22306082E-01   1.31905552E-01
  2.85597780E+00  -7.81167867E-01  -9.51094979E-01
  2.92511052E+00  -1.65327819E+00  -1.96271615E+00
  3.00150284E+00  -2.40253733E+00  -2.74893693E+00
  3.09087345E+00  -2.92357092E+00  -3.17318699E+00
  3.20104918E+00  -3.09288371E+00  -3.13742153E+00
  3.34222522E+00  -2.77454405E+00  -2.60683941E+00
  3.52415383E+00  -1.85826967E+00  -1.62848793E+00
  3.74591284E+00  -3.62215932E-01  -3.21177893E-01
The toroidal mode    7
 Perpend. k-vec  Curvature        Coriolis
  4.51141818E+00  -4.38531065E-01  -3.88601184E-01
  4.24530359E+00  -2.24050322E+00  -1.96333130E+00
  4.02699620E+00  -3.34424642E+00  -3.14199697E+00
  3.85759527E+00  -3.72762725E+00  -3.78120667E+00
  3.72539342E+00  -3.52333899E+00  -3.82407435E+00
  3.61815462E+00  -2.89508604E+00  -3.31242123E+00
  3.52648613E+00  -1.99165976E+00  -2.36436050E+00
  3.44352527E+00  -9.40058717E-01  -1.14449927E+00
  3.36391806E+00   1.49424575E-01   1.61471959E-01
  3.28286620E+00   1.17597132E+00   1.36709886E+00
  3.19525864E+00   2.04182296E+00   2.30331110E+00
  3.09473145E+00   2.64875331E+00   2.83840868E+00
  2.97260387E+00   2.90076405E+00   2.90213576E+00
  2.81722013E+00   2.72111254E+00   2.51177099E+00
  2.61612974E+00   2.09713836E+00   1.78644226E+00
  2.36632497E+00   1.14896701E+00   9.18360930E-01
  2.09005947E+00   1.42260912E-01   8.95556870E-02
  1.82919636E+00  -6.53561182E-01  -5.91462926E-01
  1.61260083E+00  -1.12521265E+00  -1.07354528E+00
  1.44312771E+00  -1.30260605E+00  -1.33608139E+00
  1.31072074E+00  -1.26525644E+00  -1.38658056E+00
  1.20412830E+00  -1.08889982E+00  -1.25788501E+00
  1.11455465E+00  -8.32770342E-01  -9.99192440E-01
  1.03568449E+00  -5.41467269E-01  -6.66704918E-01
  9.62937572E-01  -2.49166873E-01  -3.16322394E-01
  8.92839828E-01   1.70818997E-02   1.93080116E-03
  8.22724615E-01   2.35636736E-01   2.48774883E-01
  7.51006084E-01   3.90670763E-01   4.00914890E-01
  6.78879610E-01   4.75742838E-01   4.57010480E-01
  6.15651129E-01   5.02078776E-01   4.43319294E-01
  5.88946692E-01   5.10196315E-01   4.14573885E-01
  6.40405584E-01   5.68175028E-01   4.40204059E-01
  7.74290820E-01   7.23052889E-01   5.67712558E-01
  9.40765142E-01   9.33380859E-01   7.80405453E-01
  1.09543942E+00   1.09382111E+00   9.94906411E-01
  1.22471096E+00   1.12241516E+00   1.10904389E+00
  1.33159475E+00   9.92826109E-01   1.05091323E+00
  1.42285982E+00   7.17286395E-01   7.96651208E-01
  1.50468692E+00   3.26119078E-01   3.65975616E-01
  1.58213193E+00  -1.42875820E-01  -1.88910566E-01
  1.65960111E+00  -6.47758321E-01  -7.94116746E-01
  1.74150465E+00  -1.14180752E+00  -1.36323725E+00
  1.83297486E+00  -1.57054948E+00  -1.80576133E+00
  1.94071651E+00  -1.86741178E+00  -2.03657890E+00
  2.07391039E+00  -1.94927837E+00  -1.98811480E+00
  2.24433651E+00  -1.71695499E+00  -1.62513240E+00
  2.46278391E+00  -1.07674573E+00  -9.57294493E-01
  2.72698878E+00  -1.26169488E-02  -3.79528120E-02
The toroidal mode    8
 Perpend. k-vec  Curvature        Coriolis
  4.70622885E+00  -3.79328070E-01  -3.44454538E-01
  4.39594897E+00  -2.25245029E+00  -1.97807206E+00
  4.14103002E+00  -3.39617425E+00  -3.19451580E+00
  3.94302838E+00  -3.79653252E+00  -3.85446258E+00
  3.78846719E+00  -3.59622113E+00  -3.90621316E+00
  3.66314474E+00  -2.96619130E+00  -3.39651374E+00
  3.55612666E+00  -2.05963380E+00  -2.44746563E+00
  3.45941975E+00  -1.00594490E+00  -1.22641821E+00
  3.36680013E+00   8.35383967E-02   7.95530160E-02
  3.27271455E+00   1.10799728E+00   1.28399372E+00
  3.17128315E+00   1.97071770E+00   2.21921859E+00
  3.05522906E+00   2.57587117E+00   2.75626988E+00
  2.91468021E+00   2.83185878E+00   2.82887985E+00
  2.73645128E+00   2.66918472E+00   2.45925215E+00
  2.50655574E+00   2.08519128E+00   1.77170151E+00
  2.22177629E+00   1.20817000E+00   9.62507575E-01
  1.90737070E+00   2.98262570E-01   2.13395144E-01
  1.61060251E+00  -4.01017914E-01  -3.77558949E-01
  1.36424364E+00  -8.07301516E-01  -7.81322164E-01
  1.17201170E+00  -9.67341114E-01  -1.00181642E+00
  1.02314010E+00  -9.61791487E-01  -1.06247040E+00
  9.05532864E-01  -8.58974045E-01  -9.99554817E-01
  8.10029644E-01  -7.07596142E-01  -8.54769567E-01
  7.30692911E-01  -5.40921539E-01  -6.68991469E-01
  6.64371079E-01  -3.81484960E-01  -4.77873728E-01
  6.10673584E-01  -2.44040374E-01  -3.08702345E-01
  5.72755957E-01  -1.36499557E-01  -1.77740330E-01
  5.58986187E-01  -5.85584676E-02  -8.74728807E-02
  5.84461318E-01   2.66736954E-03  -2.37663090E-02
  6.68959964E-01   8.03119915E-02   4.60585129E-02
  8.27962283E-01   2.33758903E-01   1.71188402E-01
  1.05791767E+00   5.30579360E-01   4.04657893E-01
  1.32457250E+00   9.75853210E-01   7.71244827E-01
  1.57818560E+00   1.45041447E+00   1.22295416E+00
  1.78917526E+00   1.78157121E+00   1.63187148E+00
  1.95619692E+00   1.86185030E+00   1.85082974E+00
  2.09000096E+00   1.67263815E+00   1.78127236E+00
  2.20188702E+00   1.24824321E+00   1.39740410E+00
  2.30069893E+00   6.44441515E-01   7.37926498E-01
  2.39315599E+00  -7.58981826E-02  -1.11564725E-01
  2.48483220E+00  -8.46508316E-01  -1.03530047E+00
  2.58111222E+00  -1.59607803E+00  -1.90139841E+00
  2.68812542E+00  -2.24371681E+00  -2.57469925E+00
  2.81379864E+00  -2.69298811E+00  -2.93121564E+00
  2.96897047E+00  -2.82652404E+00  -2.87641246E+00
  3.16761828E+00  -2.50856074E+00  -2.36713513E+00
  3.42274419E+00  -1.61767348E+00  -1.42932471E+00
  3.73216372E+00  -1.47011280E-01  -1.53191790E-01
The toroidal mode    9
 Perpend. k-vec  Curvature        Coriolis
  4.90218327E+00  -3.20125075E-01  -3.00307893E-01
  4.54786653E+00  -2.26439737E+00  -1.99281281E+00
  4.25637222E+00  -3.44810207E+00  -3.24703464E+00
  4.02975639E+00  -3.86543779E+00  -3.92771848E+00
  3.85281450E+00  -3.66910327E+00  -3.98835196E+00
  3.70940336E+00  -3.03729656E+00  -3.48060625E+00
  3.58705988E+00  -2.12760784E+00  -2.53057077E+00
  3.47667021E+00  -1.07183107E+00  -1.30833716E+00
  3.37115316E+00   1.76522182E-02  -2.36592671E-03
  3.26422119E+00   1.04002325E+00   1.20088858E+00
  3.14926232E+00   1.89961244E+00   2.13512608E+00
  3.01815423E+00   2.50298903E+00   2.67413107E+00
  2.85996152E+00   2.76295351E+00   2.75562394E+00
  2.66021533E+00   2.61725690E+00   2.40673332E+00
  2.40384407E+00   2.07324421E+00   1.75696076E+00
  2.08810935E+00   1.26737300E+00   1.00665422E+00
  1.74193913E+00   4.54264227E-01   3.37234602E-01
  1.41816796E+00  -1.48474646E-01  -1.63654973E-01
  1.15326372E+00  -4.89390378E-01  -4.89099047E-01
  9.51894964E-01  -6.32076180E-01  -6.67551449E-01
  8.03314303E-01  -6.58326535E-01  -7.38360238E-01
  6.95897430E-01  -6.29048266E-01  -7.41224625E-01
  6.21853419E-01  -5.82421942E-01  -7.10346694E-01
  5.77429606E-01  -5.40375809E-01  -6.71278020E-01
  5.61962172E-01  -5.13803046E-01  -6.39425063E-01
  5.76848250E-01  -5.05162647E-01  -6.19335491E-01
  6.24956241E-01  -5.08635851E-01  -6.04255544E-01
  7.10941390E-01  -5.07787698E-01  -5.75860652E-01
  8.42335723E-01  -4.70408099E-01  -5.04543098E-01
  1.02992714E+00  -3.41454793E-01  -3.51202268E-01
  1.28361714E+00  -4.26785097E-02  -7.21970811E-02
  1.59830115E+00   4.92983693E-01   3.69111726E-01
  1.93756135E+00   1.22865353E+00   9.74777096E-01
  2.24858882E+00   1.96744808E+00   1.66550287E+00
  2.50203334E+00   2.46932131E+00   2.26883654E+00
  2.70002082E+00   2.60128543E+00   2.59261559E+00
  2.85714702E+00   2.35245020E+00   2.51163149E+00
  2.98759336E+00   1.77920003E+00   1.99815700E+00
  3.10213567E+00   9.62763952E-01   1.10987738E+00
  3.20880898E+00  -8.92054498E-03  -3.42188835E-02
  3.31417716E+00  -1.04525831E+00  -1.27648420E+00
  3.42450124E+00  -2.05034854E+00  -2.43955957E+00
  3.54684766E+00  -2.91688414E+00  -3.34363717E+00
  3.69031994E+00  -3.51856443E+00  -3.82585237E+00
  3.86736602E+00  -3.70376971E+00  -3.76471013E+00
  4.09409271E+00  -3.30016648E+00  -3.10913786E+00
  4.38562659E+00  -2.15860123E+00  -1.90135492E+00
  4.73980732E+00  -2.81405610E-01  -2.68430768E-01
The toroidal mode   10
 Perpend. k-vec  Curvature        Coriolis
  5.09914957E+00  -2.60922080E-01  -2.56161247E-01
  4.70093293E+00  -2.27634444E+00  -2.00755356E+00
  4.37291928E+00  -3.50002989E+00  -3.29955347E+00
  4.11769748E+00  -3.93434306E+00  -4.00097439E+00
  3.91837260E+00  -3.74198540E+00  -4.07049077E+00
  3.75688362E+00  -3.10840181E+00  -3.56469876E+00
  3.61925265E+00  -2.19558187E+00  -2.61367591E+00
  3.49525659E+00  -1.13771725E+00  -1.39025610E+00
  3.37697146E+00  -4.82339602E-02  -8.42848694E-02
  3.25739909E+00   9.72049210E-01   1.11778345E+00
  3.12923743E+00   1.82850718E+00   2.05103357E+00
  2.98359744E+00   2.43010689E+00   2.59199227E+00
  2.80863513E+00   2.69404824E+00   2.68236803E+00
  2.58891276E+00   2.56532908E+00   2.35421449E+00
  2.30891073E+00   2.06129714E+00   1.74222000E+00
  1.96754319E+00   1.32657599E+00   1.05080087E+00
  1.59912958E+00   6.10265885E-01   4.61074059E-01
  1.26389839E+00   1.04068622E-01   5.02490034E-02
  1.00351927E+00  -1.71479239E-01  -1.96875931E-01
  8.24678938E-01  -2.96811246E-01  -3.33286479E-01
  7.16577634E-01  -3.54861583E-01  -4.14250078E-01
  6.65413674E-01  -3.99122486E-01  -4.82894432E-01
  6.58705566E-01  -4.57247742E-01  -5.65923822E-01
  6.86426126E-01  -5.39830080E-01  -6.73564570E-01
  7.41947725E-01  -6.46121133E-01  -8.00976398E-01
  8.22592240E-01  -7.66284921E-01  -9.29968637E-01
  9.29751871E-01  -8.80772145E-01  -1.03077076E+00
  1.06907738E+00  -9.57016929E-01  -1.06424842E+00
  1.25087203E+00  -9.43483568E-01  -9.85319886E-01
  1.48954816E+00  -7.63221578E-01  -7.48463049E-01
  1.79814139E+00  -3.19115922E-01  -3.15582564E-01
  2.17169279E+00   4.55388025E-01   3.33565560E-01
The toroidal mode   11
 Perpend. k-vec  Curvature        Coriolis
  5.29701489E+00  -2.01719085E-01  -2.12014602E-01
  4.85503951E+00  -2.28829151E+00  -2.02229432E+00
  4.49057738E+00  -3.55195772E+00  -3.35207230E+00
  4.20677556E+00  -4.00324832E+00  -4.07423030E+00
  3.98508175E+00  -3.81486754E+00  -4.15262957E+00
  3.80553980E+00  -3.17950707E+00  -3.64879127E+00
  3.65267168E+00  -2.26355591E+00  -2.69678104E+00
  3.51515768E+00  -1.20360343E+00  -1.47217504E+00
  3.38424746E+00  -1.14120139E-01  -1.66203812E-01
  3.25225877E+00   9.04075173E-01   1.03467831E+00
  3.11124702E+00   1.75740193E+00   1.96694106E+00
  2.95164714E+00   2.35722475E+00   2.50985346E+00
  2.76089022E+00   2.62514298E+00   2.60911212E+00
  2.52296187E+00   2.51340125E+00   2.30169566E+00
  2.22275259E+00   2.04935007E+00   1.72747925E+00
  1.86262357E+00   1.38577899E+00   1.09494751E+00
  1.48548089E+00   7.66267543E-01   5.84913516E-01
  1.16308071E+00   3.56611890E-01   2.64152980E-01
  9.44596160E-01   1.46431899E-01   9.53471854E-02
  8.34017637E-01   3.84536880E-02   9.78491096E-04
  8.07046817E-01  -5.13966316E-02  -9.01399183E-02
  8.33964113E-01  -1.69196707E-01  -2.24564240E-01
  8.93152880E-01  -3.32073542E-01  -4.21500949E-01
  9.73231607E-01  -5.39284350E-01  -6.75851121E-01
  1.07025406E+00  -7.78439219E-01  -9.62527732E-01
  1.18517277E+00  -1.02740719E+00  -1.24060178E+00
  1.32274491E+00  -1.25290844E+00  -1.45728597E+00
  1.49162057E+00  -1.40624616E+00  -1.55263619E+00
  1.70500708E+00  -1.41655904E+00  -1.46609667E+00
  1.98028253E+00  -1.18498836E+00  -1.14572383E+00
  2.33290379E+00  -5.95553334E-01  -5.58968047E-01
  2.75757845E+00   4.17792357E-01   2.98019394E-01
The toroidal mode   12
 Perpend. k-vec  Curvature        Coriolis
  5.49568211E+00  -1.42516090E-01  -1.67867956E-01
  5.01009029E+00  -2.30023858E+00  -2.03703507E+00
  4.60926144E+00  -3.60388554E+00  -3.40459113E+00
  4.29691994E+00  -4.07215359E+00  -4.14748621E+00
  4.05288511E+00  -3.88774968E+00  -4.23476838E+00
  3.85532737E+00  -3.25061233E+00  -3.73288378E+00
  3.68728361E+00  -2.33152995E+00  -2.77988618E+00
  3.53635131E+00  -1.26948961E+00  -1.55409398E+00
  3.39297180E+00  -1.80006317E-01  -2.48122755E-01
  3.24880821E+00   8.36101136E-01   9.51573174E-01
  3.09532655E+00   1.68629667E+00   1.88284855E+00
  2.92238882E+00   2.28434261E+00   2.42771465E+00
  2.71691564E+00   2.55623771E+00   2.53585621E+00
  2.46279263E+00   2.46147343E+00   2.24917682E+00
  2.14642660E+00   2.03740299E+00   1.71273850E+00
  1.77612546E+00   1.44498198E+00   1.13909416E+00
  1.40807176E+00   9.22269201E-01   7.08752974E-01
  1.13011201E+00   6.09155158E-01   4.78056956E-01
  9.92799134E-01   4.64343037E-01   3.87570302E-01
  9.75999090E-01   3.73718622E-01   3.35243461E-01
  1.02899808E+00   2.52068320E-01   2.33970241E-01
  1.11464595E+00   6.07290718E-02   3.37659522E-02
  1.21580788E+00  -2.06899343E-01  -2.77078076E-01
  1.32718565E+00  -5.38738621E-01  -6.78137672E-01
  1.44937003E+00  -9.10757306E-01  -1.12407907E+00
  1.58640581E+00  -1.28852947E+00  -1.55123493E+00
  1.74534151E+00  -1.62504473E+00  -1.88380118E+00
  1.93686708E+00  -1.85547539E+00  -2.04102396E+00
  2.17638102E+00  -1.88963451E+00  -1.94687346E+00
  2.48375632E+00  -1.60675515E+00  -1.54298461E+00
  2.87663966E+00  -8.71990747E-01  -8.02353530E-01
  3.34940807E+00   3.80196689E-01   2.62473227E-01
The toroidal mode   13
 Perpend. k-vec  Curvature        Coriolis
  5.69506732E+00  -8.33130954E-02  -1.23721311E-01
  5.16600025E+00  -2.31218566E+00  -2.05177582E+00
  4.72889421E+00  -3.65581336E+00  -3.45710997E+00
  4.38806489E+00  -4.14105886E+00  -4.22074212E+00
  4.12172867E+00  -3.96063182E+00  -4.31690718E+00
  3.90620307E+00  -3.32171759E+00  -3.81697629E+00
  3.72305517E+00  -2.39950398E+00  -2.86299132E+00
  3.55881436E+00  -1.33537579E+00  -1.63601293E+00
  3.40313333E+00  -2.45892496E-01  -3.30041697E-01
  3.24705280E+00   7.68127099E-01   8.68468038E-01
  3.08150811E+00   1.61519141E+00   1.79875604E+00
  2.89590407E+00   2.21146047E+00   2.34557585E+00
  2.67689718E+00   2.48733244E+00   2.46260030E+00
  2.40883835E+00   2.40954561E+00   2.19665799E+00
  2.08101491E+00   2.02545592E+00   1.69799774E+00
  1.71084527E+00   1.50418498E+00   1.18324080E+00
  1.37304525E+00   1.07827086E+00   8.32592431E-01
  1.17073841E+00   8.61698426E-01   6.91960932E-01
  1.13455523E+00   7.82254175E-01   6.79793418E-01
  1.20460025E+00   7.08983556E-01   6.69508432E-01
  1.31758148E+00   5.55533272E-01   5.58080401E-01
  1.44346586E+00   2.90654851E-01   2.92096145E-01
  1.57330647E+00  -8.17251426E-02  -1.32655203E-01
  1.70701693E+00  -5.38192891E-01  -6.80424222E-01
  1.84828991E+00  -1.04307539E+00  -1.28563040E+00
  2.00319862E+00  -1.54965174E+00  -1.86186807E+00
  2.18039611E+00  -1.99718103E+00  -2.31031640E+00
  2.39217326E+00  -2.30470462E+00  -2.52941174E+00
  2.65583066E+00  -2.36270997E+00  -2.42765025E+00
  2.99354862E+00  -2.02852193E+00  -1.94024539E+00
  3.42507803E+00  -1.14842816E+00  -1.04573901E+00
  3.94450710E+00   3.42601021E-01   2.26927061E-01
The toroidal mode   14
 Perpend. k-vec  Curvature        Coriolis
  5.89509766E+00  -2.41101004E-02  -7.95746655E-02
  5.32269390E+00  -2.32413273E+00  -2.06651658E+00
  4.84940549E+00  -3.70774119E+00  -3.50962880E+00
  4.48014935E+00  -4.20996413E+00  -4.29399803E+00
  4.19156119E+00  -4.03351396E+00  -4.39904599E+00
  3.95812494E+00  -3.39282284E+00  -3.90106880E+00
  3.75995328E+00  -2.46747802E+00  -2.94609645E+00
  3.58252297E+00  -1.40126197E+00  -1.71793187E+00
  3.41471923E+00  -3.11778674E-01  -4.11960640E-01
  3.24699529E+00   7.00153062E-01   7.85362901E-01
  3.06982009E+00   1.54408615E+00   1.71466353E+00
  2.87226962E+00   2.13857833E+00   2.26343704E+00
  2.64101471E+00   2.41842717E+00   2.38934439E+00
  2.36152503E+00   2.35761778E+00   2.14413916E+00
  2.02757412E+00   2.01350885E+00   1.68325699E+00
  1.66927415E+00   1.56338797E+00   1.22738745E+00
  1.38362386E+00   1.23427252E+00   9.56431888E-01
  1.27796029E+00   1.11424169E+00   9.05864909E-01
  1.34050672E+00   1.10016531E+00   9.72016535E-01
  1.48021892E+00   1.04424849E+00   1.00377340E+00
  1.63794880E+00   8.58998224E-01   8.82190561E-01
  1.79414895E+00   5.20580630E-01   5.50426337E-01
  1.94654447E+00   4.34490572E-02   1.17676695E-02
  2.09872221E+00  -5.37647162E-01  -6.82710773E-01
  2.25653498E+00  -1.17539348E+00  -1.44718174E+00
  2.42754989E+00  -1.81077402E+00  -2.17250122E+00
  2.62171408E+00  -2.36931732E+00  -2.73683161E+00
  2.85272649E+00  -2.75393385E+00  -3.01779951E+00
  3.13965852E+00  -2.83578544E+00  -2.90842704E+00
  3.50690498E+00  -2.45028872E+00  -2.33750617E+00
  3.97627355E+00  -1.42486557E+00  -1.28912450E+00
  4.54159051E+00   3.05005353E-01   1.91380895E-01
The toroidal mode   15
 Perpend. k-vec  Curvature        Coriolis
  6.09570963E+00   3.50928946E-02  -3.54280200E-02
  5.48010400E+00  -2.33607980E+00  -2.08125733E+00
  4.97073138E+00  -3.75966901E+00  -3.56214763E+00
  4.57311657E+00  -4.27886939E+00  -4.36725394E+00
  4.26233405E+00  -4.10639610E+00  -4.48118479E+00
  4.01105236E+00  -3.46392810E+00  -3.98516131E+00
  3.79794510E+00  -2.53545206E+00  -3.02920159E+00
  3.60745258E+00  -1.46714814E+00  -1.79985081E+00
  3.42771504E+00  -3.77664853E-01  -4.93879583E-01
  3.24863577E+00   6.32179025E-01   7.02257765E-01
  3.06028689E+00   1.47298090E+00   1.63057102E+00
  2.85155634E+00   2.06569619E+00   2.18129824E+00
  2.60943883E+00   2.34952191E+00   2.31608848E+00
  2.32125880E+00   2.30568996E+00   2.09162033E+00
  1.98707030E+00   2.00156178E+00   1.66851624E+00
  1.65320163E+00   1.62259097E+00   1.27153409E+00
  1.43880202E+00   1.39027417E+00   1.08027135E+00
  1.43694655E+00   1.36678496E+00   1.11976889E+00
  1.58583675E+00   1.41807645E+00   1.26423965E+00
  1.78116060E+00   1.37951342E+00   1.33803837E+00
  1.97469062E+00   1.16246318E+00   1.20630072E+00
  2.15605331E+00   7.50506409E-01   8.08756529E-01
  2.32796375E+00   1.68623257E-01   1.56190542E-01
  2.49671906E+00  -5.37101432E-01  -6.84997323E-01
  2.66983089E+00  -1.30771157E+00  -1.60873307E+00
  2.85609254E+00  -2.07189629E+00  -2.48313437E+00
  3.06659250E+00  -2.74145361E+00  -3.16334682E+00
  3.31634145E+00  -3.20316308E+00  -3.50618728E+00
  3.62611247E+00  -3.30886091E+00  -3.38920383E+00
  4.02246108E+00  -2.87205550E+00  -2.73476695E+00
  4.52921973E+00  -1.70130298E+00  -1.53250998E+00
  5.13996680E+00   2.67409686E-01   1.55834728E-01
The toroidal mode   16
 Perpend. k-vec  Curvature        Coriolis
  6.29684763E+00   9.42958897E-02   8.71862547E-03
  5.63817055E+00  -2.34802687E+00  -2.09599808E+00
  5.09281365E+00  -3.81159683E+00  -3.61466646E+00
  4.66691378E+00  -4.34777466E+00  -4.44050985E+00
  4.33400120E+00  -4.17927824E+00  -4.56332360E+00
  4.06494606E+00  -3.53503336E+00  -4.06925382E+00
  3.83699813E+00  -2.60342609E+00  -3.11230673E+00
  3.63357806E+00  -1.53303432E+00  -1.88176975E+00
  3.44210481E+00  -4.43551031E-01  -5.75798525E-01
  3.25197167E+00   5.64204988E-01   6.19152628E-01
  3.05292871E+00   1.40187564E+00   1.54647851E+00
  2.83382829E+00   1.99281405E+00   2.09915943E+00
  2.58232755E+00   2.28061664E+00   2.24283257E+00
  2.28841168E+00   2.25376214E+00   2.03910150E+00
  1.96030552E+00   1.98961471E+00   1.65377548E+00
  1.66336701E+00   1.68179396E+00   1.31568074E+00
  1.53377381E+00   1.54627583E+00   1.20411080E+00
  1.63264422E+00   1.61932823E+00   1.33367286E+00
  1.85498663E+00   1.73598759E+00   1.55646277E+00
  2.09654879E+00   1.71477836E+00   1.67230334E+00
  2.32068981E+00   1.46592813E+00   1.53041088E+00
  2.52435734E+00   9.80432188E-01   1.06708672E+00
  2.71411731E+00   2.93797457E-01   3.00613415E-01
  2.89841686E+00  -5.36555702E-01  -6.87283874E-01
  3.08614910E+00  -1.44002965E+00  -1.77028441E+00
  3.28718773E+00  -2.33301856E+00  -2.79376751E+00
  3.51367923E+00  -3.11358991E+00  -3.58986204E+00
  3.78189232E+00  -3.65239231E+00  -3.99457505E+00
  4.11426112E+00  -3.78193638E+00  -3.86998062E+00
  4.53946749E+00  -3.29382229E+00  -3.13202773E+00
  5.08334529E+00  -1.97774040E+00  -1.77589546E+00
  5.73923160E+00   2.29814018E-01   1.20288562E-01
The toroidal mode   17
 Perpend. k-vec  Curvature        Coriolis
  6.49846282E+00   1.53498885E-01   5.28652710E-02
  5.79683986E+00  -2.35997394E+00  -2.11073884E+00
  5.21559920E+00  -3.86352465E+00  -3.66718529E+00
  4.76149195E+00  -4.41667993E+00  -4.51376576E+00
  4.40651899E+00  -4.25216038E+00  -4.64546241E+00
  4.11976809E+00  -3.60613862E+00  -4.15334633E+00
  3.87708031E+00  -2.67140013E+00  -3.19541186E+00
  3.66087379E+00  -1.59892050E+00  -1.96368870E+00
  3.45787112E+00  -5.09437210E-01  -6.57717468E-01
  3.25699777E+00   4.96230952E-01   5.36047492E-01
  3.04776129E+00   1.33077038E+00   1.46238600E+00
  2.81914179E+00   1.91993192E+00   2.01702063E+00
  2.55982270E+00   2.21171137E+00   2.16957666E+00
  2.26330671E+00   2.20183431E+00   1.98658266E+00
  1.94784623E+00   1.97766763E+00   1.63903473E+00
  1.69929950E+00   1.74099696E+00   1.35982738E+00
  1.66173027E+00   1.70227749E+00   1.32795026E+00
  1.85346100E+00   1.87187150E+00   1.54757684E+00
  2.13898336E+00   2.05389873E+00   1.84868588E+00
  2.42074355E+00   2.05004329E+00   2.00656831E+00
  2.67235304E+00   1.76939308E+00   1.85452104E+00
  2.89662091E+00   1.21035797E+00   1.32541691E+00
  3.10323830E+00   4.18971657E-01   4.45036288E-01
  3.30246538E+00  -5.36009973E-01  -6.89570425E-01
  3.50441264E+00  -1.57234774E+00  -1.93183574E+00
  3.71994814E+00  -2.59414084E+00  -3.10440066E+00
  3.96222680E+00  -3.48572620E+00  -4.01637725E+00
  4.24874277E+00  -4.10162155E+00  -4.48296282E+00
  4.60356540E+00  -4.25501185E+00  -4.35075741E+00
  5.05747945E+00  -3.71558907E+00  -3.52928851E+00
  5.63830253E+00  -2.25417781E+00  -2.01928095E+00
  6.33913293E+00   1.92218350E-01   8.47423957E-02
The toroidal mode   18
 Perpend. k-vec  Curvature        Coriolis
  6.70051213E+00   2.12701880E-01   9.70119165E-02
  5.95606374E+00  -2.37192102E+00  -2.12547959E+00
  5.33903950E+00  -3.91545248E+00  -3.71970413E+00
  4.85680544E+00  -4.48558520E+00  -4.58702167E+00
  4.47984611E+00  -4.32504252E+00  -4.72760121E+00
  4.17548191E+00  -3.67724387E+00  -4.23743884E+00
  3.91816006E+00  -2.73937417E+00  -3.27851700E+00
  3.68931382E+00  -1.66480668E+00  -2.04560764E+00
  3.47499524E+00  -5.75323388E-01  -7.39636411E-01
  3.26370628E+00   4.28256915E-01   4.52942355E-01
  3.04479580E+00   1.25966512E+00   1.37829348E+00
  2.80754456E+00   1.84704978E+00   1.93488182E+00
  2.54204666E+00   2.14280610E+00   2.09632075E+00
  2.24620351E+00   2.14990649E+00   1.93406383E+00
  1.94996665E+00   1.96572056E+00   1.62429398E+00
  1.75942108E+00   1.80019995E+00   1.40397403E+00
The toroidal mode   19
 Perpend. k-vec  Curvature        Coriolis
  6.90295744E+00   2.71904875E-01   1.41158562E-01
  6.11579889E+00  -2.38386809E+00  -2.14022034E+00
  5.46309017E+00  -3.96738030E+00  -3.77222296E+00
  4.95281181E+00  -4.55449046E+00  -4.66027758E+00
  4.55394348E+00  -4.39792466E+00  -4.80974002E+00
  4.23205229E+00  -3.74834913E+00  -4.32153135E+00
  3.96020633E+00  -2.80734820E+00  -3.36162213E+00
  3.71887188E+00  -1.73069286E+00  -2.12752658E+00
  3.49345721E+00  -6.41209567E-01  -8.21555353E-01
  3.27208684E+00   3.60282878E-01   3.69837218E-01
  3.04403866E+00   1.18855987E+00   1.29420097E+00
  2.79907501E+00   1.77416764E+00   1.85274302E+00
  2.52909911E+00   2.07390084E+00   2.02306485E+00
  2.23728558E+00   2.09797867E+00   1.88154500E+00
  1.96661963E+00   1.95377349E+00   1.60955322E+00
  1.84136391E+00   1.85940295E+00   1.44812068E+00
The toroidal mode   20
 Perpend. k-vec  Curvature        Coriolis
  7.10576489E+00   3.31107870E-01   1.85305207E-01
  6.27600627E+00  -2.39581516E+00  -2.15496110E+00
  5.58771056E+00  -4.01930812E+00  -3.82474179E+00
  5.04947152E+00  -4.62339573E+00  -4.73353349E+00
  4.62877410E+00  -4.47080680E+00  -4.89187882E+00
  4.28944535E+00  -3.81945439E+00  -4.40562386E+00
  4.00318867E+00  -2.87532224E+00  -3.44472727E+00
  3.74952154E+00  -1.79657904E+00  -2.20944553E+00
  3.51323593E+00  -7.07095745E-01  -9.03474296E-01
  3.28212664E+00   2.92308841E-01   2.86732082E-01
  3.04549152E+00   1.11745461E+00   1.21010846E+00
  2.79376159E+00   1.70128550E+00   1.77060421E+00
  2.52105447E+00   2.00499557E+00   1.94980894E+00
  2.23665085E+00   2.04605084E+00   1.82902617E+00
  1.99744171E+00   1.94182642E+00   1.59481247E+00
  1.94236823E+00   1.91860594E+00   1.49226732E+00
The toroidal mode   21
 Perpend. k-vec  Curvature        Coriolis
  7.30890435E+00   3.90310865E-01   2.29451853E-01
  6.43665061E+00  -2.40776223E+00  -2.16970185E+00
  5.71286339E+00  -4.07123595E+00  -3.87726062E+00
  5.14674779E+00  -4.69230100E+00  -4.80678939E+00
  4.70430298E+00  -4.54368894E+00  -4.97401763E+00
  4.34762849E+00  -3.89055964E+00  -4.48971637E+00
  4.04707725E+00  -2.94329628E+00  -3.52783241E+00
  3.78123625E+00  -1.86246522E+00  -2.29136447E+00
  3.53430930E+00  -7.72981924E-01  -9.85393239E-01
  3.29381051E+00   2.24334804E-01   2.03626945E-01
  3.04915122E+00   1.04634935E+00   1.12601595E+00
  2.79162231E+00   1.62840336E+00   1.68846540E+00
  2.51795972E+00   1.93609030E+00   1.87655303E+00
  2.24430633E+00   1.99412302E+00   1.77650733E+00
  2.04179133E+00   1.92987934E+00   1.58007172E+00
  2.05963162E+00   1.97780894E+00   1.53641397E+00
