The toroidal mode    1
 Perpend. k-vec  Curvature        Coriolis
  3.37759204E+00  -7.93749035E-01  -6.53481057E-01
  3.37759204E+00  -2.16882079E+00  -1.87488678E+00
  3.37759204E+00  -3.03267948E+00  -2.82688398E+00
  3.37759204E+00  -3.31419565E+00  -3.34167121E+00
  3.37759204E+00  -3.08604615E+00  -3.33124152E+00
  3.37759204E+00  -2.46845450E+00  -2.80786616E+00
  3.37759204E+00  -1.58381554E+00  -1.86572968E+00
  3.37759204E+00  -5.44741646E-01  -6.52985615E-01
  3.37759204E+00   5.44741646E-01   6.52985615E-01
  3.37759204E+00   1.58381554E+00   1.86572968E+00
  3.37759204E+00   2.46845450E+00   2.80786616E+00
  3.37759204E+00   3.08604615E+00   3.33124152E+00
  3.37759204E+00   3.31419565E+00   3.34167121E+00
  3.37759204E+00   3.03267948E+00   2.82688398E+00
  3.37759204E+00   2.16882079E+00   1.87488678E+00
  3.37759204E+00   7.93749035E-01   6.53481057E-01
The toroidal mode    2
 Perpend. k-vec  Curvature        Coriolis
  3.49958857E+00  -7.54280372E-01  -6.24049960E-01
  3.47013131E+00  -2.17678550E+00  -1.88471395E+00
  3.44621248E+00  -3.06729803E+00  -2.86189653E+00
  3.42775518E+00  -3.36013250E+00  -3.39050848E+00
  3.41336077E+00  -3.13463424E+00  -3.38600072E+00
  3.40164583E+00  -2.51585800E+00  -2.86392784E+00
  3.39156892E+00  -1.62913157E+00  -1.92113310E+00
  3.38237223E+00  -5.88665765E-01  -7.07598243E-01
  3.37345941E+00   5.00817527E-01   5.98372986E-01
  3.36428569E+00   1.53849952E+00   1.81032625E+00
  3.35425740E+00   2.42105099E+00   2.75180449E+00
  3.34262193E+00   3.03745806E+00   3.27648231E+00
  3.32834431E+00   3.26825881E+00   3.29283394E+00
  3.31004288E+00   2.99806094E+00   2.79187142E+00
  3.28629872E+00   2.16085607E+00   1.86505962E+00
  3.25696999E+00   8.33217699E-01   6.82912154E-01
  3.22504401E+00  -6.89747930E-01  -5.70921419E-01
  3.19558240E+00  -2.00045861E+00  -1.73228413E+00
  3.17165694E+00  -2.82073873E+00  -2.63206857E+00
  3.15319347E+00  -3.09068569E+00  -3.11882790E+00
  3.13879436E+00  -2.88373618E+00  -3.11516808E+00
  3.12707621E+00  -2.31517065E+00  -2.63564604E+00
  3.11699736E+00  -1.50036607E+00  -1.76944776E+00
  3.10779982E+00  -5.44377826E-01  -6.54509982E-01
  3.09888716E+00   4.56529588E-01   5.45284725E-01
  3.08971463E+00   1.40973403E+00   1.65864091E+00
  3.07968870E+00   2.22036364E+00   2.52352269E+00
  3.06805706E+00   2.78655999E+00   3.00564967E+00
  3.05378509E+00   2.99881200E+00   3.02115335E+00
  3.03549133E+00   2.75150163E+00   2.56204346E+00
  3.01175609E+00   1.98452918E+00   1.71262980E+00
  2.98243456E+00   7.68685257E-01   6.29783613E-01
  2.95050994E+00  -6.25215488E-01  -5.17792877E-01
  2.92104329E+00  -1.82413172E+00  -1.57985431E+00
  2.89711001E+00  -2.57417942E+00  -2.40224060E+00
  2.87863926E+00  -2.82123889E+00  -2.84714731E+00
  2.86423457E+00  -2.63283812E+00  -2.84433543E+00
  2.85251262E+00  -2.11448329E+00  -2.40736423E+00
  2.84243148E+00  -1.37160058E+00  -1.61776242E+00
  2.83323295E+00  -5.00089888E-01  -6.01421720E-01
  2.82432049E+00   4.12241650E-01   4.92196463E-01
  2.81514940E+00   1.28096853E+00   1.50695557E+00
  2.80512633E+00   2.01967628E+00   2.29524089E+00
  2.79349929E+00   2.53566193E+00   2.73481703E+00
  2.77923413E+00   2.72936520E+00   2.74947277E+00
  2.76094962E+00   2.50494232E+00   2.33221549E+00
  2.73722516E+00   1.80820229E+00   1.56019998E+00
  2.70791242E+00   7.04152815E-01   5.76655071E-01
  2.67598961E+00  -5.60683046E-01  -4.64664336E-01
  2.64651702E+00  -1.64780482E+00  -1.42742449E+00
  2.62257441E+00  -2.32762011E+00  -2.17241264E+00
  2.60409491E+00  -2.55179209E+00  -2.57546672E+00
  2.58968353E+00  -2.38194006E+00  -2.57350279E+00
  2.57795699E+00  -1.91379593E+00  -2.17908243E+00
  2.56787311E+00  -1.24283509E+00  -1.46607708E+00
  2.55867340E+00  -4.55801949E-01  -5.48333459E-01
  2.54976122E+00   3.67953711E-01   4.39108202E-01
  2.54059191E+00   1.15220304E+00   1.35527023E+00
  2.53057234E+00   1.81898892E+00   2.06695908E+00
  2.51895095E+00   2.28476387E+00   2.46398438E+00
  2.50469413E+00   2.45991840E+00   2.47779218E+00
  2.48642099E+00   2.25838301E+00   2.10238753E+00
  2.46270986E+00   1.63187539E+00   1.40777016E+00
  2.43340807E+00   6.39620373E-01   5.23526530E-01
  2.40148772E+00  -4.96150604E-01  -4.11535795E-01
  2.37200804E+00  -1.47147793E+00  -1.27499467E+00
  2.34805409E+00  -2.08106080E+00  -1.94258467E+00
  2.32956391E+00  -2.28234529E+00  -2.30378614E+00
  2.31514432E+00  -2.13104200E+00  -2.30267015E+00
  2.30341218E+00  -1.71310857E+00  -1.95080063E+00
  2.29332494E+00  -1.11406960E+00  -1.31439174E+00
  2.28412381E+00  -4.11514010E-01  -4.95245198E-01
  2.27521201E+00   3.23665772E-01   3.86019941E-01
  2.26604495E+00   1.02343755E+00   1.20358489E+00
  2.25602978E+00   1.61830156E+00   1.83867728E+00
  2.24441548E+00   2.03386581E+00   2.19315174E+00
  2.23016915E+00   2.19047160E+00   2.20611159E+00
  2.21191033E+00   2.01182370E+00   1.87255956E+00
  2.18821605E+00   1.45554850E+00   1.25534034E+00
  2.15892831E+00   5.75087931E-01   4.70397989E-01
  2.12701141E+00  -4.31618163E-01  -3.58407254E-01
  2.09752314E+00  -1.29515104E+00  -1.12256485E+00
  2.07355513E+00  -1.83450149E+00  -1.71275670E+00
  2.05505160E+00  -2.01289849E+00  -2.03210555E+00
  2.04062174E+00  -1.88014394E+00  -2.03183750E+00
  2.02888258E+00  -1.51242122E+00  -1.72251883E+00
  2.01879114E+00  -9.85304110E-01  -1.16270640E+00
  2.00958826E+00  -3.67226072E-01  -4.42156936E-01
  2.00067702E+00   2.79377834E-01   3.32931679E-01
  1.99151288E+00   8.94672061E-01   1.05189955E+00
  1.98150342E+00   1.41761421E+00   1.61039548E+00
  1.96989828E+00   1.78296775E+00   1.92231909E+00
  1.95566551E+00   1.92102480E+00   1.93443101E+00
  1.93742527E+00   1.76526440E+00   1.64273160E+00
  1.91375299E+00   1.27922161E+00   1.10291052E+00
  1.88448386E+00   5.10555489E-01   4.17269448E-01
  1.85257204E+00  -3.67085721E-01  -3.05278713E-01
  1.82307321E+00  -1.11882414E+00  -9.70135034E-01
  1.79908731E+00  -1.58794219E+00  -1.48292874E+00
  1.78056665E+00  -1.74345169E+00  -1.76042497E+00
  1.76612354E+00  -1.62924588E+00  -1.76100486E+00
  1.75437531E+00  -1.31173386E+00  -1.49423703E+00
  1.74427848E+00  -8.56538619E-01  -1.01102106E+00
  1.73507343E+00  -3.22938133E-01  -3.89068675E-01
  1.72616301E+00   2.35089895E-01   2.79843418E-01
  1.71700286E+00   7.65906570E-01   9.00214215E-01
  1.70700105E+00   1.21692685E+00   1.38211368E+00
  1.69540821E+00   1.53206969E+00   1.65148645E+00
  1.68119366E+00   1.65157800E+00   1.66275042E+00
  1.66297847E+00   1.51870509E+00   1.41290363E+00
  1.63933613E+00   1.10289471E+00   9.50480696E-01
  1.61009279E+00   4.46023047E-01   3.64140907E-01
  1.57818891E+00  -3.02553279E-01  -2.52150171E-01
  1.54867682E+00  -9.42497250E-01  -8.17705214E-01
  1.52466745E+00  -1.34138288E+00  -1.25310077E+00
  1.50612399E+00  -1.47400489E+00  -1.48874438E+00
  1.49166317E+00  -1.37834782E+00  -1.49017221E+00
  1.47990281E+00  -1.11104650E+00  -1.26595522E+00
  1.46979882E+00  -7.27773128E-01  -8.59335724E-01
  1.46059098E+00  -2.78650194E-01  -3.35980414E-01
  1.45168190E+00   1.90801956E-01   2.26755157E-01
  1.44252746E+00   6.37141079E-01   7.48528875E-01
  1.43253649E+00   1.01623949E+00   1.15383188E+00
  1.42096100E+00   1.28117163E+00   1.38065381E+00
  1.40677221E+00   1.38213120E+00   1.39106983E+00
  1.38859265E+00   1.27214578E+00   1.18307566E+00
  1.36499332E+00   9.26567820E-01   7.98050876E-01
  1.33578799E+00   3.81490605E-01   3.11012365E-01
  1.30389749E+00  -2.38020837E-01  -1.99021630E-01
  1.27436858E+00  -7.66170357E-01  -6.65275394E-01
  1.25032712E+00  -1.09482357E+00  -1.02327281E+00
  1.23175190E+00  -1.20455809E+00  -1.21706379E+00
  1.21726623E+00  -1.12744975E+00  -1.21933957E+00
  1.20548884E+00  -9.10359143E-01  -1.03767342E+00
  1.19537489E+00  -5.99007637E-01  -7.07650385E-01
  1.18616340E+00  -2.34362255E-01  -2.82892152E-01
  1.17725671E+00   1.46514017E-01   1.73666895E-01
  1.16811109E+00   5.08375587E-01   5.96843536E-01
  1.15813661E+00   8.15552133E-01   9.25550075E-01
  1.14658742E+00   1.03027357E+00   1.10982116E+00
  1.13243780E+00   1.11268440E+00   1.11938925E+00
  1.11431283E+00   1.02558647E+00   9.53247698E-01
  1.09078045E+00   7.50240927E-01   6.45621056E-01
  1.06163633E+00   3.16958164E-01   2.57883824E-01
  1.02977110E+00  -1.73488395E-01  -1.45893089E-01
  1.00022101E+00  -5.89843463E-01  -5.12845574E-01
  9.76133376E-01  -8.48264264E-01  -7.93444842E-01
  9.57511058E-01  -9.35111288E-01  -9.45383207E-01
  9.42988077E-01  -8.76551694E-01  -9.48506928E-01
  9.31185130E-01  -7.09671785E-01  -8.09391620E-01
  9.21056508E-01  -4.70242145E-01  -5.55965045E-01
  9.11840227E-01  -1.90074317E-01  -2.29803891E-01
  9.02938400E-01   1.02226079E-01   1.20578634E-01
  8.93808126E-01   3.79610096E-01   4.45158196E-01
  8.83861637E-01   6.14864775E-01   6.97268273E-01
  8.72356954E-01   7.79375508E-01   8.38988520E-01
  8.58273900E-01   8.43237598E-01   8.47708662E-01
  8.40242833E-01   7.79027166E-01   7.23419732E-01
  8.16828386E-01   5.73914033E-01   4.93191237E-01
  7.87797727E-01   2.52425722E-01   2.04755283E-01
  7.55989252E-01  -1.08955953E-01  -9.27645478E-02
  7.26416027E-01  -4.13516570E-01  -3.60415755E-01
  7.02257949E-01  -6.01704956E-01  -5.63616876E-01
  6.83559433E-01  -6.65664487E-01  -6.73702621E-01
  6.68974854E-01  -6.25653633E-01  -6.77674284E-01
  6.57129777E-01  -5.08984427E-01  -5.81109818E-01
  6.46977926E-01  -3.41476654E-01  -4.04279705E-01
  6.37756214E-01  -1.45786378E-01  -1.76715630E-01
  6.28866879E-01   5.79381400E-02   6.74903727E-02
  6.19769155E-01   2.50844605E-01   2.93472857E-01
  6.09880138E-01   4.14177418E-01   4.68986471E-01
  5.98466372E-01   5.28477447E-01   5.68155877E-01
  5.84520489E-01   5.73790797E-01   5.76028076E-01
  5.66687168E-01   5.32467859E-01   4.93591766E-01
  5.43531621E-01   3.97587140E-01   3.40761417E-01
  5.14771996E-01   1.87893280E-01   1.51626742E-01
  4.83138056E-01  -4.44235111E-02  -3.96360066E-02
  4.53574486E-01  -2.37189676E-01  -2.07985935E-01
  4.29310471E-01  -3.55145649E-01  -3.33788910E-01
  4.10476511E-01  -3.96217686E-01  -4.02022035E-01
  3.95777200E-01  -3.74755572E-01  -4.06841640E-01
  3.83855098E-01  -3.08297070E-01  -3.52828016E-01
  3.73667205E-01  -2.12711163E-01  -2.52594366E-01
  3.64451332E-01  -1.01498439E-01  -1.23627368E-01
  3.55613194E-01   1.36502013E-02   1.44021113E-02
  3.46620888E-01   1.22079114E-01   1.41787517E-01
  3.36908841E-01   2.13490060E-01   2.40704669E-01
  3.25774061E-01   2.77579386E-01   2.97323233E-01
  3.12259045E-01   3.04343996E-01   3.04347489E-01
  2.95079769E-01   2.85908551E-01   2.63763801E-01
  2.72866320E-01   2.21260247E-01   1.88331597E-01
  2.45288715E-01   1.23360838E-01   9.84982006E-02
  2.14793874E-01   2.01089308E-02   1.34925346E-02
  1.85985969E-01  -6.08627828E-02  -5.55561149E-02
  1.62049774E-01  -1.08586341E-01  -1.03960945E-01
  1.43317232E-01  -1.26770885E-01  -1.30341449E-01
  1.28698192E-01  -1.23857511E-01  -1.36008997E-01
  1.16967193E-01  -1.07609712E-01  -1.24546214E-01
  1.07169574E-01  -8.39456719E-02  -1.00909026E-01
  9.86303897E-02  -5.72105006E-02  -7.05391068E-02
  9.08808647E-02  -3.06377374E-02  -3.86861500E-02
  8.36042467E-02  -6.68637722E-03  -9.89782251E-03
  7.66338479E-02   1.28027024E-02   1.24228669E-02
  7.00490819E-02   2.66813252E-02   2.64905893E-02
  6.44873351E-02   3.48971953E-02   3.26669031E-02
  6.18157625E-02   3.93492435E-02   3.39358349E-02
  6.55502116E-02   4.49333532E-02   3.59017770E-02
  7.84493096E-02   5.88283959E-02   4.53696594E-02
  9.82946107E-02   8.46413727E-02   6.66210758E-02
  1.19428398E-01   1.15464111E-01   9.68737050E-02
  1.37928147E-01   1.37972967E-01   1.25867021E-01
  1.52970870E-01   1.42675916E-01   1.41339138E-01
  1.65221828E-01   1.27040550E-01   1.34823647E-01
  1.75582765E-01   9.30776455E-02   1.03735588E-01
  1.84810310E-01   4.48198192E-02   5.07763133E-02
  1.93500721E-01  -1.29225619E-02  -1.74508455E-02
  2.02161604E-01  -7.49256761E-02  -9.17744114E-02
  2.11292913E-01  -1.35451868E-01  -1.61583162E-01
  2.21470814E-01  -1.87884655E-01  -2.15858935E-01
  2.33444649E-01  -2.24216736E-01  -2.44342054E-01
  2.48239635E-01  -2.34549606E-01  -2.39013683E-01
  2.67173543E-01  -2.07210064E-01  -1.95892131E-01
  2.91460164E-01  -1.31393540E-01  -1.16528043E-01
  3.20863569E-01  -5.70404600E-03  -7.75888185E-03
  3.52134417E-01   1.49173815E-01   1.19749617E-01
  3.80456172E-01   2.91791004E-01   2.49303525E-01
  4.03236424E-01   3.84532274E-01   3.55694987E-01
  4.20798931E-01   4.12122716E-01   4.13019724E-01
  4.34562625E-01   3.77938610E-01   4.05656290E-01
  4.45857248E-01   2.93765003E-01   3.32017390E-01
  4.55670691E-01   1.73585310E-01   2.02461653E-01
  4.64724111E-01   3.13653768E-02   3.56374158E-02
  4.73593383E-01  -1.19213615E-01  -1.44862673E-01
  4.82815819E-01  -2.64217360E-01  -3.13268502E-01
  4.92988125E-01  -3.88572013E-01  -4.44140737E-01
  5.04873578E-01  -4.75114797E-01  -5.15174698E-01
  5.19517673E-01  -5.03996406E-01  -5.10694269E-01
  5.38287666E-01  -4.53769372E-01  -4.25720097E-01
  5.62505661E-01  -3.07720434E-01  -2.68957863E-01
  5.92084421E-01  -7.02364879E-02  -6.08874231E-02
  6.23816368E-01   2.13706256E-01   1.72878158E-01
  6.52718968E-01   4.68117897E-01   4.01733345E-01
  6.76007728E-01   6.31091582E-01   5.85522953E-01
  6.93941488E-01   6.81569517E-01   6.84700310E-01
  7.07956562E-01   6.28836671E-01   6.76488934E-01
  7.19416055E-01   4.94452361E-01   5.60299192E-01
  7.29334013E-01   3.02350802E-01   3.54146992E-01
  7.38448282E-01   7.56533155E-02   8.87256772E-02
  7.47344275E-01  -1.63501553E-01  -1.97950934E-01
  7.56563898E-01  -3.92982851E-01  -4.64953841E-01
  7.66705065E-01  -5.89259370E-01  -6.72422539E-01
  7.78530443E-01  -7.26012857E-01  -7.86007341E-01
  7.93086189E-01  -7.73443207E-01  -7.82374856E-01
  8.11749293E-01  -7.00328679E-01  -6.55548062E-01
  8.35875353E-01  -4.84047327E-01  -4.21387682E-01
  8.65439708E-01  -1.34768930E-01  -1.14015964E-01
  8.97277253E-01   2.78238698E-01   2.26006699E-01
  9.26363103E-01   6.44444791E-01   5.54163164E-01
  9.49834027E-01   8.77650889E-01   8.15350918E-01
  9.67909723E-01   9.51016318E-01   9.56380896E-01
  9.82024291E-01   8.79734732E-01   9.47321578E-01
  9.93550013E-01   6.95139718E-01   7.88580993E-01
  1.00350975E+00   4.31116293E-01   5.05832332E-01
  1.01264734E+00   1.19941254E-01   1.41813939E-01
  1.02155158E+00  -2.07789492E-01  -2.51039195E-01
  1.03076580E+00  -5.21748342E-01  -6.16639181E-01
  1.04088780E+00  -7.89946728E-01  -9.00704341E-01
  1.05267914E+00  -9.76910918E-01  -1.05683999E+00
  1.06718517E+00  -1.04289001E+00  -1.05405544E+00
  1.08578617E+00  -9.46887987E-01  -8.85376028E-01
  1.10985314E+00  -6.60374220E-01  -5.73817502E-01
  1.13939423E+00  -1.99301372E-01  -1.67144505E-01
  1.17127173E+00   3.42771140E-01   2.79135241E-01
  1.20044431E+00   8.20771684E-01   7.06592984E-01
  1.22400748E+00   1.12421020E+00   1.04517888E+00
  1.24215743E+00   1.22046312E+00   1.22806148E+00
  1.25632492E+00   1.13063279E+00   1.21815422E+00
  1.26788611E+00   8.95827076E-01   1.01686280E+00
  1.27786812E+00   5.59881784E-01   6.57517672E-01
  1.28701779E+00   1.64229193E-01   1.94902200E-01
  1.29592561E+00  -2.52077431E-01  -3.04127457E-01
  1.30513553E+00  -6.50513833E-01  -7.68324520E-01
  1.31524506E+00  -9.90634086E-01  -1.12898614E+00
  1.32701487E+00  -1.22780898E+00  -1.32767263E+00
  1.34148950E+00  -1.31233681E+00  -1.32573603E+00
  1.36005063E+00  -1.19344729E+00  -1.11520399E+00
  1.38407795E+00  -8.36701114E-01  -7.26247322E-01
  1.41359963E+00  -2.63833814E-01  -2.20273047E-01
  1.44549641E+00   4.07303582E-01   3.32263782E-01
  1.47471891E+00   9.97098578E-01   8.59022804E-01
  1.49833752E+00   1.37076950E+00   1.27500685E+00
  1.51653299E+00   1.48990992E+00   1.49974207E+00
  1.53073326E+00   1.38153085E+00   1.48898686E+00
  1.54231649E+00   1.09651443E+00   1.24514460E+00
  1.55231229E+00   6.88647275E-01   8.09203011E-01
  1.56146929E+00   2.08517132E-01   2.47990461E-01
  1.57037899E+00  -2.96365370E-01  -3.57215718E-01
  1.57958563E+00  -7.79279324E-01  -9.20009860E-01
  1.58968649E+00  -1.19132144E+00  -1.35726794E+00
  1.60144153E+00  -1.47870704E+00  -1.59850527E+00
  1.61589460E+00  -1.58178361E+00  -1.59741661E+00
  1.63442810E+00  -1.44000660E+00  -1.34503196E+00
  1.65842725E+00  -1.01302801E+00  -8.78677142E-01
  1.68793366E+00  -3.28366256E-01  -2.73401588E-01
  1.71984117E+00   4.71836024E-01   3.85392323E-01
  1.74909594E+00   1.17342547E+00   1.01145262E+00
  1.77275146E+00   1.61732881E+00   1.50483482E+00
  1.79097765E+00   1.75935672E+00   1.77142266E+00
  1.80520019E+00   1.63242891E+00   1.75981951E+00
  1.81679842E+00   1.29720179E+00   1.47342640E+00
  1.82680359E+00   8.17412766E-01   9.60888351E-01
  1.83596549E+00   2.52805070E-01   3.01078723E-01
  1.84487629E+00  -3.40653308E-01  -4.10303979E-01
  1.85408040E+00  -9.08044815E-01  -1.07169520E+00
  1.86417490E+00  -1.39200880E+00  -1.58554975E+00
  1.87591921E+00  -1.72960510E+00  -1.86933792E+00
  1.89035658E+00  -1.85123041E+00  -1.86909720E+00
  1.90886984E+00  -1.68656591E+00  -1.57485993E+00
  1.93284803E+00  -1.18935490E+00  -1.03110696E+00
  1.96234236E+00  -3.92898697E-01  -3.26530129E-01
  1.99425647E+00   5.36368466E-01   4.38520864E-01
  2.02353373E+00   1.34975236E+00   1.16388244E+00
  2.04721556E+00   1.86388812E+00   1.73466278E+00
  2.06546386E+00   2.02880352E+00   2.04310324E+00
  2.07970251E+00   1.88332698E+00   2.03065215E+00
  2.09131161E+00   1.49788915E+00   1.70170820E+00
  2.10132355E+00   9.46178257E-01   1.11257369E+00
  2.11048895E+00   2.97093009E-01   3.54166984E-01
  2.11940045E+00  -3.84941247E-01  -4.63392241E-01
  2.12860258E+00  -1.03681031E+00  -1.22338054E+00
  2.13869222E+00  -1.59269616E+00  -1.81383155E+00
  2.15042837E+00  -1.98050316E+00  -2.14017056E+00
  2.16485383E+00  -2.12067721E+00  -2.14077779E+00
  2.18335164E+00  -1.93312522E+00  -1.80468789E+00
  2.20731363E+00  -1.36568179E+00  -1.18353678E+00
  2.23679826E+00  -4.57431139E-01  -3.79658670E-01
  2.26871669E+00   6.00900908E-01   4.91649406E-01
  2.29801050E+00   1.52607926E+00   1.31631226E+00
  2.32171203E+00   2.11044743E+00   1.96449075E+00
  2.33997700E+00   2.29825032E+00   2.31478383E+00
  2.35422784E+00   2.13422504E+00   2.30148480E+00
  2.36584518E+00   1.69857651E+00   1.92999000E+00
  2.37586223E+00   1.07494375E+00   1.26425903E+00
  2.38503026E+00   3.41380948E-01   4.07255245E-01
  2.39394223E+00  -4.29229186E-01  -5.16480502E-01
  2.40314276E+00  -1.16557580E+00  -1.37506588E+00
  2.41322857E+00  -1.79338352E+00  -2.04211335E+00
  2.42495832E+00  -2.23140122E+00  -2.41100320E+00
  2.43937442E+00  -2.39012401E+00  -2.41245837E+00
  2.45786005E+00  -2.17968453E+00  -2.03451586E+00
  2.48180918E+00  -1.54200869E+00  -1.33596660E+00
  2.51128588E+00  -5.21963581E-01  -4.32787212E-01
  2.54320731E+00   6.65433350E-01   5.44777947E-01
  2.57251379E+00   1.70240615E+00   1.46874208E+00
  2.59623061E+00   2.35700674E+00   2.19431871E+00
  2.61450860E+00   2.56769712E+00   2.58646441E+00
  2.62876897E+00   2.38512310E+00   2.57231744E+00
  2.64039276E+00   1.89926386E+00   2.15827180E+00
  2.65041382E+00   1.20370924E+00   1.41594437E+00
  2.65958389E+00   3.85668886E-01   4.60343507E-01
  2.66849620E+00  -4.73517124E-01  -5.69568763E-01
  2.67769541E+00  -1.29434129E+00  -1.52675122E+00
  2.68777813E+00  -1.99407087E+00  -2.27039515E+00
  2.69950273E+00  -2.48229928E+00  -2.68183585E+00
  2.71391127E+00  -2.65957081E+00  -2.68413896E+00
  2.73238707E+00  -2.42624383E+00  -2.26434382E+00
  2.75632574E+00  -1.71833558E+00  -1.48839642E+00
  2.78579584E+00  -5.86496023E-01  -4.85915753E-01
  2.81771943E+00   7.29965792E-01   5.97906488E-01
  2.84703591E+00   1.87873304E+00   1.62117190E+00
  2.87076494E+00   2.60356604E+00   2.42414668E+00
  2.88905338E+00   2.83714392E+00   2.85814500E+00
  2.90332142E+00   2.63602116E+00   2.84315008E+00
  2.91495041E+00   2.09995122E+00   2.38655361E+00
  2.92497469E+00   1.33247473E+00   1.56762971E+00
  2.93414639E+00   4.29956825E-01   5.13431768E-01
  2.94305893E+00  -5.17805063E-01  -6.22657025E-01
  2.95225705E+00  -1.42310678E+00  -1.67843656E+00
  2.96233722E+00  -2.19475823E+00  -2.49867695E+00
  2.97405757E+00  -2.73319734E+00  -2.95266849E+00
  2.98845991E+00  -2.92901761E+00  -2.95581955E+00
  3.00692760E+00  -2.67280314E+00  -2.49417179E+00
  3.03085759E+00  -1.89466247E+00  -1.64082624E+00
  3.06032213E+00  -6.51028465E-01  -5.39044294E-01
  3.09224733E+00   7.94498234E-01   6.51035029E-01
  3.12157191E+00   2.05505994E+00   1.77360172E+00
  3.14531091E+00   2.85012535E+00   2.65397464E+00
  3.16360791E+00   3.10659072E+00   3.12982559E+00
  3.17788226E+00   2.88691922E+00   3.11398273E+00
  3.18951551E+00   2.30063858E+00   2.61483541E+00
  3.19954244E+00   1.46124022E+00   1.71931505E+00
  3.20871547E+00   4.74244764E-01   5.66520029E-01
  3.21762820E+00  -5.62093002E-01  -6.75745286E-01
  3.22682538E+00  -1.55187227E+00  -1.83012190E+00
  3.23690342E+00  -2.39544559E+00  -2.72695876E+00
  3.24862022E+00  -2.98409541E+00  -3.22350113E+00
  3.26301736E+00  -3.19846441E+00  -3.22750013E+00
  3.28147824E+00  -2.91936245E+00  -2.72399975E+00
  3.30540093E+00  -2.07098937E+00  -1.79325606E+00
  3.33486072E+00  -7.15560907E-01  -5.92172835E-01
The toroidal mode    3
 Perpend. k-vec  Curvature        Coriolis
  3.62282073E+00  -7.14811709E-01  -5.94618863E-01
  3.56381946E+00  -2.18475022E+00  -1.89454112E+00
  3.51584146E+00  -3.10191658E+00  -2.89690909E+00
  3.47879412E+00  -3.40606934E+00  -3.43934576E+00
  3.44990326E+00  -3.18322233E+00  -3.44075992E+00
  3.42640362E+00  -2.56326151E+00  -2.91998951E+00
  3.40620808E+00  -1.67444759E+00  -1.97653653E+00
  3.38779722E+00  -6.32589884E-01  -7.62210871E-01
  3.36997671E+00   4.56893408E-01   5.43760358E-01
  3.35165785E+00   1.49318349E+00   1.75492283E+00
  3.33165701E+00   2.37364749E+00   2.69574282E+00
  3.30847575E+00   2.98886996E+00   3.22172311E+00
  3.28005322E+00   3.22232196E+00   3.24399667E+00
  3.24363192E+00   2.96344239E+00   2.75685887E+00
  3.19635811E+00   2.15289136E+00   1.85523245E+00
  3.13788092E+00   8.72686362E-01   7.12343251E-01
  3.07407629E+00  -5.85746825E-01  -4.88361780E-01
  3.01504758E+00  -1.83209643E+00  -1.58968148E+00
  2.96702051E+00  -2.60879797E+00  -2.43725316E+00
  2.92992541E+00  -2.86717574E+00  -2.89598458E+00
  2.90099741E+00  -2.68142621E+00  -2.89909464E+00
  2.87747234E+00  -2.16188679E+00  -2.46342591E+00
  2.85726179E+00  -1.41691661E+00  -1.67316585E+00
  2.83884513E+00  -5.44014007E-01  -6.56034349E-01
  2.82102752E+00   3.68317531E-01   4.37583835E-01
  2.80272079E+00   1.23565251E+00   1.45155215E+00
  2.78274290E+00   1.97227277E+00   2.23917921E+00
  2.75959838E+00   2.48707384E+00   2.68005782E+00
  2.73123043E+00   2.68342836E+00   2.70063549E+00
  2.69488468E+00   2.47032377E+00   2.29720294E+00
  2.64770227E+00   1.80023757E+00   1.55037281E+00
  2.58930619E+00   7.43621478E-01   6.06086168E-01
  2.52553077E+00  -4.56681941E-01  -3.82104698E-01
  2.46646717E+00  -1.47944265E+00  -1.28482184E+00
  2.41837255E+00  -2.11567935E+00  -1.97759723E+00
  2.38121039E+00  -2.32828214E+00  -2.35262341E+00
  2.35222980E+00  -2.17963009E+00  -2.35742935E+00
  2.32866870E+00  -1.76051208E+00  -2.00686230E+00
  2.30843714E+00  -1.15938563E+00  -1.36979517E+00
  2.29001286E+00  -4.55438129E-01  -5.49857826E-01
  2.27220051E+00   2.79741653E-01   3.31407312E-01
  2.25391279E+00   9.78121527E-01   1.14818147E+00
  2.23397030E+00   1.57089806E+00   1.78261561E+00
  2.21088224E+00   1.98527772E+00   2.13839253E+00
  2.18259841E+00   2.14453476E+00   2.15727432E+00
  2.14637005E+00   1.97720516E+00   1.83754701E+00
  2.09933205E+00   1.44758379E+00   1.24551317E+00
  2.04106885E+00   6.14556595E-01   4.99829086E-01
  1.97734971E+00  -3.27617057E-01  -2.75847616E-01
  1.91824250E+00  -1.12678886E+00  -9.79962203E-01
  1.87004986E+00  -1.62256074E+00  -1.51794129E+00
  1.83278707E+00  -1.78938854E+00  -1.80926224E+00
  1.80372660E+00  -1.67783397E+00  -1.81576406E+00
  1.78011077E+00  -1.35913736E+00  -1.55029870E+00
  1.75984791E+00  -9.01854643E-01  -1.06642449E+00
  1.74141371E+00  -3.66862252E-01  -4.43681303E-01
  1.72361237E+00   1.91165776E-01   2.25230790E-01
  1.70535846E+00   7.20590545E-01   8.44810791E-01
  1.68547741E+00   1.16952334E+00   1.32605200E+00
  1.66248697E+00   1.48348160E+00   1.59672725E+00
  1.63434926E+00   1.60564116E+00   1.61391315E+00
  1.59832755E+00   1.48408654E+00   1.37789107E+00
  1.55155030E+00   1.09493000E+00   9.40653527E-01
  1.49354046E+00   4.85491711E-01   3.93572004E-01
  1.42995233E+00  -1.98552174E-01  -1.69590533E-01
  1.37080043E+00  -7.74135071E-01  -6.75102563E-01
  1.32245709E+00  -1.12944212E+00  -1.05828536E+00
  1.28502902E+00  -1.25049493E+00  -1.26590107E+00
  1.25583433E+00  -1.17603785E+00  -1.27409877E+00
  1.23212677E+00  -9.57762648E-01  -1.09373510E+00
  1.21181388E+00  -6.44323661E-01  -7.63053809E-01
  1.19336923E+00  -2.78286374E-01  -3.37504781E-01
  1.17559756E+00   1.02589898E-01   1.19054267E-01
  1.15741853E+00   4.63059563E-01   5.41440111E-01
  1.13766889E+00   7.68148628E-01   8.69488401E-01
  1.11488615E+00   9.81685476E-01   1.05506196E+00
  1.08706247E+00   1.06674755E+00   1.07055198E+00
  1.05149566E+00   9.90967925E-01   9.18235143E-01
  1.00531947E+00   7.42276212E-01   6.35793887E-01
  9.47950280E-01   3.56426827E-01   2.87314921E-01
  8.84794347E-01  -6.94872897E-02  -6.33334508E-02
  8.25699057E-01  -4.21481284E-01  -3.70242923E-01
  7.77138729E-01  -6.36323505E-01  -5.98629431E-01
  7.39416174E-01  -7.11601332E-01  -7.22539894E-01
  7.09968761E-01  -6.74241726E-01  -7.32433488E-01
  6.86093282E-01  -5.56387932E-01  -6.37171492E-01
  6.65707666E-01  -3.86792679E-01  -4.59683130E-01
  6.47289809E-01  -1.89710497E-01  -2.31328258E-01
  6.29654844E-01   1.40140210E-02   1.28777442E-02
  6.11746216E-01   2.05528581E-01   2.38069432E-01
  5.92446175E-01   3.66773913E-01   4.12924797E-01
  5.70372624E-01   4.79889354E-01   5.13396673E-01
  5.43652171E-01   5.27853952E-01   5.27190803E-01
  5.09785097E-01   4.97849310E-01   4.58579212E-01
  4.66124115E-01   3.89622425E-01   3.30934248E-01
  4.12070325E-01   2.27361943E-01   1.81057839E-01
  3.52425851E-01   5.95775941E-02   4.29236316E-02
  2.96158124E-01  -6.88274976E-02  -6.53832838E-02
  2.49483543E-01  -1.43204890E-01  -1.38973499E-01
  2.13116319E-01  -1.72707730E-01  -1.79178721E-01
  1.85032455E-01  -1.72445604E-01  -1.90768201E-01
  1.62963740E-01  -1.55013217E-01  -1.80607888E-01
  1.45210484E-01  -1.29261696E-01  -1.56312451E-01
  1.30704455E-01  -1.01134620E-01  -1.25151735E-01
  1.18938682E-01  -7.45618564E-02  -9.32987785E-02
  1.09976313E-01  -5.20024018E-02  -6.53012469E-02
  1.04594578E-01  -3.46008024E-02  -4.36388068E-02
  1.04519414E-01  -2.19067679E-02  -2.82686144E-02
  1.12499511E-01  -1.10396496E-02  -1.61703697E-02
  1.31773125E-01   4.73069472E-03  -1.07671989E-03
  1.64686773E-01   3.69686384E-02   2.60746081E-02
  2.10332481E-01   9.82970593E-02   7.48007564E-02
  2.62283257E-01   1.88642478E-01   1.49180714E-01
  3.11265027E-01   2.83826289E-01   2.39476356E-01
  3.51831000E-01   3.49913725E-01   3.20682432E-01
  3.83857309E-01   3.66185872E-01   3.64182451E-01
  4.09467896E-01   3.29350517E-01   3.50897087E-01
  4.30854907E-01   2.46361498E-01   2.75955716E-01
  4.49723308E-01   1.28269286E-01   1.47058229E-01
  4.67363663E-01  -1.25587422E-02  -1.89752126E-02
  4.84843457E-01  -1.63137734E-01  -1.99475301E-01
  5.03191541E-01  -3.09533384E-01  -3.68671926E-01
  5.23577274E-01  -4.35975518E-01  -5.00202411E-01
  5.47511887E-01  -5.23702890E-01  -5.69933902E-01
  5.77061676E-01  -5.49933251E-01  -5.59531542E-01
  6.14892713E-01  -4.88387921E-01  -4.60732651E-01
  6.63488777E-01  -3.15685148E-01  -2.78785032E-01
  7.22442477E-01  -3.07678246E-02  -3.14563261E-02
  7.85255763E-01   3.17707362E-01   2.55437796E-01
  8.42204121E-01   6.36480076E-01   5.44335996E-01
  8.88016694E-01   8.43032341E-01   7.80338364E-01
  9.23320033E-01   9.05079473E-01   9.07543624E-01
  9.50966081E-01   8.31146639E-01   8.92562374E-01
  9.73632529E-01   6.47736214E-01   7.32519320E-01
  9.93308414E-01   3.85800268E-01   4.50428908E-01
  1.01144427E+00   7.60171352E-02   8.72013101E-02
  1.02919654E+00  -2.51713611E-01  -3.05651824E-01
  1.04764223E+00  -5.67064366E-01  -6.72042605E-01
  1.06797560E+00  -8.37350233E-01  -9.56766014E-01
  1.09172332E+00  -1.02549901E+00  -1.11159919E+00
  1.12097716E+00  -1.08882685E+00  -1.10289271E+00
  1.15847638E+00  -9.81506536E-01  -9.20388583E-01
  1.20687968E+00  -6.68338935E-01  -5.83644671E-01
  1.26603795E+00  -1.59832708E-01  -1.37713408E-01
  1.32955117E+00   4.46772246E-01   3.61694879E-01
  1.38743476E+00   9.89133863E-01   8.49195635E-01
  1.43408780E+00   1.33615096E+00   1.23999430E+00
  1.47001324E+00   1.44397307E+00   1.45090480E+00
  1.49808364E+00   1.33294276E+00   1.43422766E+00
  1.52102933E+00   1.04911093E+00   1.18908292E+00
  1.54088213E+00   6.43331250E-01   7.53799587E-01
  1.55912020E+00   1.64593013E-01   1.93377833E-01
  1.57691581E+00  -3.40289489E-01  -4.11828347E-01
  1.59535336E+00  -8.24595349E-01  -9.75413284E-01
  1.61562873E+00  -1.23872495E+00  -1.41332962E+00
  1.63926689E+00  -1.52729513E+00  -1.65326448E+00
  1.66835997E+00  -1.62772045E+00  -1.64625389E+00
  1.70566338E+00  -1.47462515E+00  -1.38004451E+00
  1.75389434E+00  -1.02099272E+00  -8.88504311E-01
  1.81301590E+00  -2.88897592E-01  -2.43970491E-01
  1.87670764E+00   5.75837129E-01   4.67951961E-01
  1.93491298E+00   1.34178765E+00   1.15405527E+00
  1.98188990E+00   1.82926957E+00   1.69965023E+00
  2.01806926E+00   1.98286668E+00   1.99426597E+00
  2.04631823E+00   1.83473888E+00   1.97589295E+00
  2.06938294E+00   1.45048564E+00   1.64564653E+00
  2.08931076E+00   9.00862233E-01   1.05717027E+00
  2.10759050E+00   2.53168890E-01   2.99554355E-01
  2.12540043E+00  -4.28865366E-01  -5.18004869E-01
  2.14382742E+00  -1.08212633E+00  -1.27878396E+00
  2.16406702E+00  -1.64009966E+00  -1.86989322E+00
  2.18764202E+00  -2.02909125E+00  -2.19492976E+00
  2.21664291E+00  -2.16661406E+00  -2.18961506E+00
  2.25383079E+00  -1.96774377E+00  -1.83970045E+00
  2.30195085E+00  -1.37364651E+00  -1.19336395E+00
  2.36102663E+00  -4.17962476E-01  -3.50227573E-01
  2.42478915E+00   7.04902013E-01   5.74209044E-01
  2.48315260E+00   1.69444144E+00   1.45891491E+00
  2.53029898E+00   2.32238819E+00   2.15930616E+00
  2.56661523E+00   2.52176028E+00   2.53762714E+00
  2.59496196E+00   2.33653500E+00   2.51755824E+00
  2.61809221E+00   1.85186036E+00   2.10221013E+00
  2.63806117E+00   1.15839322E+00   1.36054095E+00
  2.65636314E+00   3.41744767E-01   4.05730878E-01
  2.67417951E+00  -5.17441243E-01  -6.24181392E-01
  2.69259824E+00  -1.33965731E+00  -1.58215464E+00
  2.71281432E+00  -2.04147438E+00  -2.32645683E+00
  2.73634883E+00  -2.53088738E+00  -2.73659505E+00
  2.76529061E+00  -2.70550766E+00  -2.73297623E+00
  2.80240333E+00  -2.46086238E+00  -2.29935638E+00
  2.85044833E+00  -1.72630030E+00  -1.49822359E+00
  2.90948663E+00  -5.47027360E-01  -4.56484656E-01
  2.97328419E+00   8.33966897E-01   6.80466126E-01
  3.03174060E+00   2.04709522E+00   1.76377455E+00
  3.07899072E+00   2.81550680E+00   2.61896209E+00
  3.11539235E+00   3.06065388E+00   3.08098831E+00
  3.14380063E+00   2.83833113E+00   3.05922352E+00
  3.16697229E+00   2.25323507E+00   2.55877374E+00
  3.18696715E+00   1.41592420E+00   1.66391162E+00
  3.20528286E+00   4.30320645E-01   5.11907401E-01
  3.22310266E+00  -6.06017121E-01  -7.30357915E-01
  3.24151510E+00  -1.59718830E+00  -1.88552532E+00
  3.26171467E+00  -2.44284909E+00  -2.78302043E+00
  3.28522111E+00  -3.03268350E+00  -3.27826034E+00
  3.31412192E+00  -3.24440126E+00  -3.27633740E+00
  3.35118206E+00  -2.95398100E+00  -2.75901231E+00
  3.39917331E+00  -2.07895408E+00  -1.80308323E+00
  3.45818215E+00  -6.76092244E-01  -5.62741738E-01
The toroidal mode    4
 Perpend. k-vec  Curvature        Coriolis
  3.74716660E+00  -6.75343045E-01  -5.65187766E-01
  3.65856824E+00  -2.19271493E+00  -1.90436829E+00
  3.58642024E+00  -3.13653513E+00  -2.93192164E+00
  3.53067089E+00  -3.45200619E+00  -3.48818303E+00
  3.48719520E+00  -3.23181043E+00  -3.49551913E+00
  3.45185026E+00  -2.61066501E+00  -2.97605118E+00
  3.42150101E+00  -1.71976361E+00  -2.03193995E+00
  3.39386394E+00  -6.76514003E-01  -8.16823500E-01
  3.36714596E+00   4.12969289E-01   4.89147729E-01
  3.33971623E+00   1.44786747E+00   1.69951940E+00
  3.30980591E+00   2.32624398E+00   2.63968114E+00
  3.27517927E+00   2.94028187E+00   3.16696390E+00
  3.23276164E+00   3.17638512E+00   3.19515939E+00
  3.17843050E+00   2.92882384E+00   2.72184631E+00
  3.10788765E+00   2.14492664E+00   1.84540528E+00
  3.02050617E+00   9.12155025E-01   7.41774348E-01
  2.92493361E+00  -4.81745720E-01  -4.05802142E-01
  2.83626923E+00  -1.66373425E+00  -1.44707883E+00
  2.76397121E+00  -2.39685721E+00  -2.24243775E+00
  2.70806750E+00  -2.64366578E+00  -2.67314127E+00
  2.66446916E+00  -2.47911625E+00  -2.68302120E+00
  2.62904019E+00  -2.00860294E+00  -2.29120578E+00
  2.59864296E+00  -1.33346714E+00  -1.57688393E+00
  2.57099084E+00  -5.43650187E-01  -6.57558716E-01
  2.54429008E+00   2.80105473E-01   3.29882945E-01
  2.51691279E+00   1.06157099E+00   1.24446338E+00
  2.48709763E+00   1.72418191E+00   1.95483574E+00
  2.45262213E+00   2.18758769E+00   2.35446597E+00
  2.41043083E+00   2.36804471E+00   2.38011763E+00
  2.35642003E+00   2.18914591E+00   2.03236242E+00
  2.28628207E+00   1.61594596E+00   1.38811582E+00
  2.19929535E+00   7.18557700E-01   5.82388724E-01
  2.10392925E+00  -2.88148394E-01  -2.46416519E-01
  2.01519905E+00  -1.13475357E+00  -9.89789372E-01
  1.94266984E+00  -1.65717928E+00  -1.55295385E+00
  1.88651126E+00  -1.83532538E+00  -1.85809951E+00
  1.84270562E+00  -1.72642206E+00  -1.87052327E+00
  1.80713503E+00  -1.40654087E+00  -1.60636037E+00
  1.77666088E+00  -9.47170668E-01  -1.12182791E+00
  1.74899340E+00  -4.10786371E-01  -4.98293932E-01
  1.72233989E+00   1.47241657E-01   1.70618161E-01
  1.69508055E+00   6.75274521E-01   7.89407366E-01
  1.66547190E+00   1.12211984E+00   1.26999033E+00
  1.63132275E+00   1.43489350E+00   1.54196804E+00
  1.58962522E+00   1.55970431E+00   1.56507588E+00
  1.53633096E+00   1.44946799E+00   1.34287852E+00
  1.46714291E+00   1.08696528E+00   9.30826358E-01
  1.38117526E+00   5.24960374E-01   4.23003101E-01
  1.28650786E+00  -9.45510683E-02  -8.70308950E-02
  1.19788725E+00  -6.05772893E-01  -5.32499912E-01
  1.12503239E+00  -9.17501362E-01  -8.63469951E-01
  1.06842054E+00  -1.02698498E+00  -1.04305775E+00
  1.02422393E+00  -9.73727880E-01  -1.05802534E+00
  9.88394799E-01  -8.04478795E-01  -9.21514967E-01
  9.57812645E-01  -5.60874194E-01  -6.66771894E-01
  9.30195938E-01  -2.77922555E-01  -3.39029148E-01
  9.03769854E-01   1.43778408E-02   1.13533771E-02
  8.76954213E-01   2.88978047E-01   3.34351347E-01
  8.48080905E-01   5.20057766E-01   5.85144925E-01
  8.15092073E-01   6.82199322E-01   7.29470113E-01
  7.75204765E-01   7.51363908E-01   7.50034116E-01
  7.24715695E-01   7.09790069E-01   6.53394623E-01
  6.59722288E-01   5.57984604E-01   4.73536899E-01
  5.79389947E-01   3.31363048E-01   2.63617477E-01
  4.90906539E-01   9.90462574E-02   7.23547286E-02
  4.07606518E-01  -7.67922125E-02  -7.52104527E-02
  3.38721477E-01  -1.77823439E-01  -1.73986054E-01
  2.85346669E-01  -2.18644575E-01  -2.28015994E-01
  2.44556470E-01  -2.21033697E-01  -2.45527404E-01
  2.13105801E-01  -2.02416722E-01  -2.36669562E-01
  1.88649977E-01  -1.74577721E-01  -2.11715875E-01
  1.69863519E-01  -1.45058739E-01  -1.79764364E-01
  1.56357758E-01  -1.18485975E-01  -1.47911407E-01
  1.48666981E-01  -9.73184264E-02  -1.20704671E-01
  1.48284692E-01  -8.20043073E-02  -9.97004805E-02
  1.57603347E-01  -7.04948609E-02  -8.30278181E-02
  1.79663806E-01  -5.69764946E-02  -6.50076425E-02
  2.17750813E-01  -2.98878541E-02  -3.60892747E-02
  2.74337788E-01   2.90039236E-02   1.62474392E-02
  3.47912184E-01   1.37765723E-01   1.04231853E-01
  4.29160275E-01   2.92643583E-01   2.31740352E-01
  5.04633369E-01   4.52188468E-01   3.82079007E-01
  5.66629641E-01   5.61854484E-01   5.15497843E-01
  6.15325567E-01   5.89695827E-01   5.87025765E-01
  6.54128144E-01   5.31660485E-01   5.66970526E-01
  6.86444785E-01   3.99645351E-01   4.48175844E-01
  7.14895183E-01   2.11718752E-01   2.43340144E-01
  7.41448113E-01  -1.21949225E-02  -2.04995797E-02
  7.67722674E-01  -2.51349791E-01  -3.07176191E-01
  7.95272034E-01  -4.83614900E-01  -5.75760690E-01
  8.25855941E-01  -6.84066380E-01  -7.84545886E-01
  8.61745380E-01  -8.23189043E-01  -8.95525749E-01
  9.06045416E-01  -8.65316897E-01  -8.80049401E-01
  9.62767133E-01  -7.69565777E-01  -7.25573172E-01
  1.03565994E+00  -4.99976757E-01  -4.41042020E-01
  1.12414217E+00  -5.58316031E-02  -5.51537703E-02
  1.21847052E+00   4.86240909E-01   3.91125976E-01
  1.30402038E+00   9.81169148E-01   8.39368466E-01
  1.37284690E+00   1.30153241E+00   1.20498174E+00
  1.42587901E+00   1.39803623E+00   1.40206752E+00
  1.46739972E+00   1.28435467E+00   1.37946846E+00
  1.50143310E+00   1.00170742E+00   1.13302125E+00
  1.53096832E+00   5.98015226E-01   6.98396162E-01
  1.55818470E+00   1.20668894E-01   1.38765204E-01
  1.58481892E+00  -3.84213608E-01  -4.66440975E-01
  1.61248749E+00  -8.69911373E-01  -1.03081671E+00
  1.64298213E+00  -1.28612845E+00  -1.46939129E+00
  1.67859285E+00  -1.57588323E+00  -1.70802368E+00
  1.72245757E+00  -1.67365730E+00  -1.69509116E+00
  1.77868722E+00  -1.50924370E+00  -1.41505707E+00
  1.85127641E+00  -1.02895744E+00  -8.98331480E-01
  1.94001312E+00  -2.49428929E-01  -2.14539394E-01
  2.03530461E+00   6.79838235E-01   5.50511600E-01
  2.12216541E+00   1.51014983E+00   1.29665793E+00
  2.19217943E+00   2.04121033E+00   1.89446564E+00
  2.24609414E+00   2.20637663E+00   2.21710928E+00
  2.28821826E+00   2.03704885E+00   2.19196639E+00
  2.32264910E+00   1.60376950E+00   1.81786666E+00
  2.35243606E+00   9.84311699E-01   1.15345218E+00
  2.37979755E+00   2.53532710E-01   2.98029988E-01
  2.40649257E+00  -5.17077424E-01  -6.25705759E-01
  2.43414806E+00  -1.25620785E+00  -1.48587273E+00
  2.46455779E+00  -1.88819053E+00  -2.15423670E+00
  2.50000907E+00  -2.32857741E+00  -2.52052161E+00
  2.54363999E+00  -2.48199770E+00  -2.51013292E+00
  2.59958429E+00  -2.24892162E+00  -2.10454097E+00
  2.67192061E+00  -1.55793812E+00  -1.35562094E+00
  2.76059935E+00  -4.43026255E-01  -3.73925018E-01
  2.85614457E+00   8.73435560E-01   7.09897223E-01
  2.94346827E+00   2.03913051E+00   1.75394739E+00
  3.01395010E+00   2.78088825E+00   2.58394953E+00
  3.06823229E+00   3.01471704E+00   3.03215104E+00
  3.11061509E+00   2.78974303E+00   3.00446432E+00
  3.14521841E+00   2.20583157E+00   2.50271206E+00
  3.17511408E+00   1.37060817E+00   1.60850820E+00
  3.20253583E+00   3.86396526E-01   4.57294772E-01
  3.22925139E+00  -6.49941240E-01  -7.84970543E-01
  3.25689118E+00  -1.64250432E+00  -1.94092875E+00
  3.28724846E+00  -2.49025260E+00  -2.83908210E+00
  3.32260730E+00  -3.08127159E+00  -3.33301954E+00
  3.36610328E+00  -3.29033810E+00  -3.32517468E+00
  3.42187833E+00  -2.98859955E+00  -2.79402486E+00
  3.49405176E+00  -2.08691880E+00  -1.81291040E+00
  3.58266230E+00  -6.36623580E-01  -5.33310641E-01
The toroidal mode    5
 Perpend. k-vec  Curvature        Coriolis
  3.87251892E+00  -6.35874382E-01  -5.35756669E-01
  3.75429735E+00  -2.20067965E+00  -1.91419546E+00
  3.65789386E+00  -3.17115368E+00  -2.96693420E+00
  3.58334910E+00  -3.49794303E+00  -3.53702030E+00
  3.52521281E+00  -3.28039852E+00  -3.55027833E+00
  3.47797063E+00  -2.65806852E+00  -3.03211286E+00
  3.43743899E+00  -1.76507964E+00  -2.08734337E+00
  3.40056894E+00  -7.20438122E-01  -8.71436128E-01
  3.36496880E+00   3.69045170E-01   4.34535101E-01
  3.32846820E+00   1.40255144E+00   1.64411598E+00
  3.28871905E+00   2.27884048E+00   2.58361947E+00
  3.24275867E+00   2.89169378E+00   3.11220470E+00
  3.18651407E+00   3.13044827E+00   3.14632212E+00
  3.11451460E+00   2.89420529E+00   2.68683376E+00
  3.02101651E+00   2.13696193E+00   1.83557811E+00
  2.90505354E+00   9.51623689E-01   7.71205445E-01
  2.77790993E+00  -3.77744614E-01  -3.23242504E-01
  2.65960156E+00  -1.49537207E+00  -1.30447618E+00
  2.56288631E+00  -2.18491645E+00  -2.04762233E+00
  2.48799698E+00  -2.42015583E+00  -2.45029796E+00
  2.42958018E+00  -2.27680628E+00  -2.46694776E+00
  2.38214640E+00  -1.85531909E+00  -2.11898565E+00
  2.34151092E+00  -1.25001767E+00  -1.48060202E+00
  2.30462065E+00  -5.43286367E-01  -6.59083083E-01
  2.26908546E+00   1.91893415E-01   2.22182055E-01
  2.23274608E+00   8.87489478E-01   1.03737462E+00
  2.19327888E+00   1.47609105E+00   1.67049226E+00
  2.14776404E+00   1.88810153E+00   2.02887413E+00
  2.09219377E+00   2.05266107E+00   2.05959977E+00
  2.02117378E+00   1.90796806E+00   1.76752190E+00
  1.92897639E+00   1.43165436E+00   1.22585883E+00
  1.81441348E+00   6.93493921E-01   5.58691280E-01
  1.68823775E+00  -1.19614847E-01  -1.10728339E-01
  1.57009382E+00  -7.90064501E-01  -6.94756901E-01
  1.47294512E+00  -1.19867922E+00  -1.12831047E+00
  1.39744391E+00  -1.34236862E+00  -1.36357561E+00
  1.33849791E+00  -1.27321403E+00  -1.38361718E+00
  1.29071515E+00  -1.05256966E+00  -1.20585844E+00
  1.24993691E+00  -7.34955710E-01  -8.73860658E-01
  1.21312239E+00  -3.66134612E-01  -4.46730038E-01
  1.17790701E+00   1.47416605E-02   9.82901003E-03
  1.14218729E+00   3.72427514E-01   4.30633263E-01
  1.10374536E+00   6.73341618E-01   7.57365054E-01
  1.05984867E+00   8.84509289E-01   9.45543553E-01
  1.00680681E+00   9.74873864E-01   9.72877430E-01
  9.39717006E-01   9.21730828E-01   8.48210033E-01
  8.53429229E-01   7.26346782E-01   6.16139550E-01
  7.46886087E-01   4.35364154E-01   3.46177115E-01
  6.29676231E-01   1.38514921E-01   1.01785826E-01
  5.19510441E-01  -8.47569273E-02  -8.50376216E-02
  4.28638230E-01  -2.12441987E-01  -2.08998609E-01
  3.58541905E-01  -2.64581420E-01  -2.76853267E-01
  3.05410867E-01  -2.69621790E-01  -3.00286608E-01
  2.65050994E-01  -2.49820227E-01  -2.92731235E-01
  2.34506941E-01  -2.19893746E-01  -2.67119299E-01
  2.12221194E-01  -1.88982858E-01  -2.34376992E-01
  1.97897313E-01  -1.62410094E-01  -2.02524035E-01
  1.92382211E-01  -1.42634451E-01  -1.76108096E-01
  1.97529035E-01  -1.29407812E-01  -1.55762154E-01
  2.15987025E-01  -1.19082954E-01  -1.37787022E-01
  2.51052677E-01  -1.02913340E-01  -1.13844915E-01
  3.06553370E-01  -6.45064028E-02  -7.11018295E-02
  3.85636222E-01   2.10392088E-02   6.42027027E-03
  4.86378145E-01   1.77234386E-01   1.33662950E-01
  5.96506441E-01   3.96644688E-01   3.14299990E-01
  6.98262059E-01   6.20550646E-01   5.24681658E-01
  7.81585866E-01   7.73795243E-01   7.10313254E-01
  8.46898723E-01   8.13205783E-01   8.09869078E-01
  8.98864431E-01   7.33970453E-01   7.83043966E-01
  9.42093830E-01   5.52929204E-01   6.20395972E-01
  9.80115839E-01   2.95168219E-01   3.39622059E-01
  1.01557475E+00  -1.18311027E-02  -2.20239468E-02
  1.05063985E+00  -3.39561849E-01  -4.14877081E-01
  1.08738785E+00  -6.57696416E-01  -7.82849454E-01
  1.12816840E+00  -9.32157243E-01  -1.06888936E+00
  1.17601186E+00  -1.12267520E+00  -1.22111760E+00
  1.23506165E+00  -1.18070054E+00  -1.20056726E+00
  1.31067319E+00  -1.05074363E+00  -9.90413692E-01
  1.40786060E+00  -6.84268365E-01  -6.03299009E-01
  1.52586726E+00  -8.08953817E-02  -7.88512145E-02
  1.65170519E+00   6.54774456E-01   5.26814155E-01
  1.76585136E+00   1.32585822E+00   1.13440094E+00
  1.85768795E+00   1.76003247E+00   1.62962512E+00
  1.92844624E+00   1.89099299E+00   1.89659142E+00
  1.98383998E+00   1.73756270E+00   1.86637454E+00
  2.02923923E+00   1.35567863E+00   1.53352318E+00
  2.06863311E+00   8.10230184E-01   9.46363417E-01
  2.10492960E+00   1.65320652E-01   1.90329099E-01
  2.14044555E+00  -5.16713604E-01  -6.27230126E-01
  2.17733693E+00  -1.17275838E+00  -1.38959081E+00
  2.21799290E+00  -1.73490667E+00  -1.98201657E+00
  2.26546678E+00  -2.12626744E+00  -2.30444817E+00
  2.32394265E+00  -2.25848775E+00  -2.28728961E+00
  2.39890304E+00  -2.03698086E+00  -1.90972556E+00
  2.49567826E+00  -1.38957594E+00  -1.21301829E+00
  2.61399319E+00  -3.39025149E-01  -2.91365379E-01
  2.74106229E+00   9.12904224E-01   7.39328320E-01
  2.85689945E+00   2.03116579E+00   1.74412022E+00
  2.95027370E+00   2.74626970E+00   2.54893698E+00
  3.02217715E+00   2.96878019E+00   2.98331377E+00
  3.07835462E+00   2.74115494E+00   2.94970512E+00
  3.12427036E+00   2.15842806E+00   2.44665039E+00
  3.16399133E+00   1.32529215E+00   1.55310478E+00
  3.20047614E+00   3.42472407E-01   4.02682144E-01
  3.23607054E+00  -6.93865359E-01  -8.39583171E-01
  3.27294396E+00  -1.68782034E+00  -1.99633217E+00
  3.31348809E+00  -2.53765610E+00  -2.89514378E+00
  3.36075258E+00  -3.12985968E+00  -3.38777874E+00
  3.41892145E+00  -3.33627495E+00  -3.37401195E+00
  3.49350679E+00  -3.02321809E+00  -2.82903742E+00
  3.58994858E+00  -2.09488351E+00  -1.82273757E+00
  3.70818450E+00  -5.97154917E-01  -5.03879544E-01
The toroidal mode    6
 Perpend. k-vec  Curvature        Coriolis
  3.99878302E+00  -5.96405719E-01  -5.06325572E-01
  3.85093369E+00  -2.20864436E+00  -1.92402263E+00
  3.73021086E+00  -3.20577223E+00  -3.00194675E+00
  3.63679392E+00  -3.54387988E+00  -3.58585757E+00
  3.56393285E+00  -3.32898661E+00  -3.60503753E+00
  3.50474967E+00  -2.70547202E+00  -3.08817453E+00
  3.45401309E+00  -1.81039566E+00  -2.14274680E+00
  3.40790845E+00  -7.64362241E-01  -9.26048757E-01
  3.36344652E+00   3.25121051E-01   3.79922472E-01
  3.31792083E+00   1.35723542E+00   1.58871255E+00
  3.26841121E+00   2.23143697E+00   2.52755780E+00
  3.21124049E+00   2.84310568E+00   3.05744550E+00
  3.14135662E+00   3.08451143E+00   3.09748485E+00
  3.05196498E+00   2.85958674E+00   2.65182120E+00
  2.93588664E+00   2.12899722E+00   1.82575094E+00
  2.79176150E+00   9.91092352E-01   8.00636542E-01
  2.63336018E+00  -2.73743509E-01  -2.40682866E-01
  2.48549471E+00  -1.32700990E+00  -1.16187353E+00
  2.36426708E+00  -1.97297569E+00  -1.85280692E+00
  2.27023372E+00  -2.19664587E+00  -2.22745464E+00
  2.19685632E+00  -2.07449631E+00  -2.25087432E+00
  2.13732414E+00  -1.70203524E+00  -1.94676552E+00
  2.08641544E+00  -1.16656821E+00  -1.38432010E+00
  2.04031592E+00  -5.42922547E-01  -6.60607450E-01
  1.99604777E+00   1.03681358E-01   1.14481166E-01
  1.95093796E+00   7.13407963E-01   8.30285857E-01
  1.90213325E+00   1.22800019E+00   1.38614879E+00
  1.84607377E+00   1.58861538E+00   1.70328228E+00
  1.77789584E+00   1.73727742E+00   1.73908192E+00
  1.69106112E+00   1.62679020E+00   1.50268138E+00
  1.57858163E+00   1.24736275E+00   1.06360184E+00
  1.43878258E+00   6.68430143E-01   5.34993836E-01
  1.28420830E+00   4.89187003E-02   2.49598402E-02
  1.13840349E+00  -4.45375429E-01  -3.99724430E-01
  1.01751142E+00  -7.40179152E-01  -7.03667095E-01
  9.23004406E-01  -8.49411867E-01  -8.69051712E-01
  8.49130698E-01  -8.20006005E-01  -8.96711099E-01
  7.89508459E-01  -6.98598447E-01  -8.05356513E-01
  7.39146296E-01  -5.22740752E-01  -6.25893403E-01
  6.94422768E-01  -3.21482854E-01  -3.95166143E-01
  6.52629907E-01  -1.17758336E-01  -1.50960141E-01
  6.11558737E-01   6.95805068E-02   7.18591591E-02
  5.69205414E-01   2.24563398E-01   2.44739776E-01
  5.23637434E-01   3.34125075E-01   3.49119062E-01
  4.73276500E-01   3.90043417E-01   3.80678984E-01
  4.18533266E-01   3.93993664E-01   3.53541547E-01
  3.67007365E-01   3.65728281E-01   3.01452741E-01
  3.41384311E-01   3.45767933E-01   2.69351130E-01
  3.66170629E-01   3.71580910E-01   2.90602546E-01
  4.29564857E-01   4.36259038E-01   3.62424669E-01
  5.01183619E-01   4.92617387E-01   4.45472733E-01
  5.65860406E-01   4.97822138E-01   4.89351219E-01
  6.21412146E-01   4.34484299E-01   4.57452119E-01
  6.69908656E-01   3.04838341E-01   3.36052497E-01
  7.14023803E-01   1.21086703E-01   1.32533295E-01
  7.56202210E-01  -1.00043160E-01  -1.29724837E-01
  7.98705066E-01  -3.39198029E-01  -4.16401448E-01
  8.43880403E-01  -5.74246949E-01  -6.86567539E-01
  8.94518638E-01  -7.78873390E-01  -8.96669234E-01
  9.54300183E-01  -9.20365230E-01  -1.00504416E+00
  1.02827650E+00  -9.57190587E-01  -9.77723947E-01
  1.12291467E+00  -8.38802875E-01  -7.95598282E-01
  1.24408751E+00  -5.15906186E-01  -4.60696358E-01
  1.39042298E+00   2.31057235E-02   3.70842370E-03
  1.54572177E+00   6.94243119E-01   5.56245252E-01
  1.68623080E+00   1.31789351E+00   1.12457377E+00
  1.79925691E+00   1.72541392E+00   1.59461256E+00
  1.88646329E+00   1.84505614E+00   1.84775415E+00
  1.95488313E+00   1.68897460E+00   1.81161534E+00
  2.01109833E+00   1.30827513E+00   1.47746151E+00
  2.06000185E+00   7.64914159E-01   8.90959993E-01
  2.10517113E+00   1.21396533E-01   1.35716470E-01
  2.14946939E+00  -5.60637723E-01  -6.81842755E-01
  2.19557488E+00  -1.21807440E+00  -1.44499424E+00
  2.24646773E+00  -1.78231018E+00  -2.03807824E+00
  2.30596323E+00  -2.17485553E+00  -2.35920737E+00
  2.37928548E+00  -2.30442459E+00  -2.33612688E+00
  2.47325484E+00  -2.07159941E+00  -1.94473811E+00
  2.59443596E+00  -1.39754065E+00  -1.22284546E+00
  2.74231540E+00  -2.99556486E-01  -2.61934282E-01
The toroidal mode    7
 Perpend. k-vec  Curvature        Coriolis
  4.12587521E+00  -5.56937055E-01  -4.76894475E-01
  3.94841062E+00  -2.21660908E+00  -1.93384980E+00
  3.80332315E+00  -3.24039078E+00  -3.03695931E+00
  3.69097206E+00  -3.58981672E+00  -3.63469485E+00
  3.60333269E+00  -3.37757471E+00  -3.65979674E+00
  3.53217240E+00  -2.75287553E+00  -3.14423621E+00
  3.47121419E+00  -1.85571169E+00  -2.19815022E+00
  3.41587839E+00  -8.08286360E-01  -9.80661385E-01
  3.36257998E+00   2.81196932E-01   3.25309844E-01
  3.30808081E+00   1.31191939E+00   1.53330913E+00
  3.24889701E+00   2.18403347E+00   2.47149612E+00
  3.18065153E+00   2.79451759E+00   3.00268629E+00
  3.09733698E+00   3.03857458E+00   3.04864757E+00
  2.99086736E+00   2.82496819E+00   2.61680865E+00
  2.85265396E+00   2.12103250E+00   1.81592377E+00
  2.68090398E+00   1.03056102E+00   8.30067639E-01
  2.49171497E+00  -1.69742404E-01  -1.58123228E-01
  2.31452664E+00  -1.15864772E+00  -1.01927088E+00
  2.16879106E+00  -1.76103493E+00  -1.65799151E+00
  2.05551115E+00  -1.97313592E+00  -2.00461133E+00
  1.96706623E+00  -1.87218634E+00  -2.03480088E+00
  1.89537630E+00  -1.54875138E+00  -1.77454539E+00
  1.83420644E+00  -1.08311874E+00  -1.28803819E+00
  1.77899747E+00  -5.42558728E-01  -6.62131817E-01
  1.72620555E+00   1.54692999E-02   6.78027585E-03
  1.67268098E+00   5.39326447E-01   6.23197093E-01
  1.61510698E+00   9.79909324E-01   1.10180531E+00
  1.54940290E+00   1.28912923E+00   1.37769043E+00
  1.47006575E+00   1.42189378E+00   1.41856406E+00
  1.36979857E+00   1.34561235E+00   1.23784086E+00
  1.24096567E+00   1.06307114E+00   9.01344851E-01
  1.08208000E+00   6.43366364E-01   5.11296392E-01
  9.07552224E-01   2.17452247E-01   1.60648020E-01
  7.43862154E-01  -1.00686357E-01  -1.04691959E-01
  6.09305010E-01  -2.81679085E-01  -2.79023719E-01
  5.06149888E-01  -3.56455110E-01  -3.74527813E-01
  4.28838988E-01  -3.66797977E-01  -4.09805015E-01
  3.71309923E-01  -3.44627236E-01  -4.04854583E-01
  3.29406701E-01  -3.10525795E-01  -3.77926148E-01
  3.01079816E-01  -2.76831096E-01  -3.43602249E-01
  2.86072232E-01  -2.50258332E-01  -3.11749292E-01
  2.85543148E-01  -2.33266500E-01  -2.86914944E-01
  3.01694538E-01  -2.24214822E-01  -2.67885502E-01
  3.37586690E-01  -2.16259140E-01  -2.47305429E-01
  3.97366875E-01  -1.94787029E-01  -2.11519461E-01
  4.86434939E-01  -1.33743500E-01  -1.41126939E-01
  6.09563122E-01   5.10977917E-03  -1.32340676E-02
  7.64040807E-01   2.56171713E-01   1.92525144E-01
  9.31594759E-01   6.04646899E-01   4.79419267E-01
  1.08574328E+00   9.57275004E-01   8.09886960E-01
  1.21163557E+00   1.19767676E+00   1.09994408E+00
  1.31013723E+00   1.26022570E+00   1.25555570E+00
  1.38840428E+00   1.13859039E+00   1.21519085E+00
  1.45344453E+00   8.59496909E-01   9.64836229E-01
  1.51060072E+00   4.62067152E-01   5.32185889E-01
  1.56386583E+00  -1.11034633E-02  -2.50726810E-02
  1.61650835E+00  -5.15985965E-01  -6.30278860E-01
  1.67165138E+00  -1.00585945E+00  -1.19702698E+00
  1.73282395E+00  -1.42833897E+00  -1.63757631E+00
  1.80457486E+00  -1.72164751E+00  -1.87230129E+00
  1.89312382E+00  -1.81146783E+00  -1.84160298E+00
  2.00651439E+00  -1.61309935E+00  -1.52009473E+00
  2.15228921E+00  -1.05285158E+00  -9.27812987E-01
  2.32934107E+00  -1.31022939E-01  -1.26246103E-01
  2.51819316E+00   9.91841550E-01   7.98190514E-01
  2.68952715E+00   2.01523636E+00   1.72446588E+00
  2.82738026E+00   2.67703261E+00   2.47891187E+00
  2.93358852E+00   2.87690650E+00   2.88563922E+00
  3.01672674E+00   2.64397875E+00   2.84018671E+00
  3.08485675E+00   2.06362106E+00   2.33452704E+00
  3.14396732E+00   1.23466010E+00   1.44229793E+00
  3.19842365E+00   2.54624169E-01   2.93456887E-01
  3.25170285E+00  -7.81713597E-01  -9.48808428E-01
  3.30703977E+00  -1.77845239E+00  -2.10713902E+00
  3.36801846E+00  -2.63246311E+00  -3.00726712E+00
  3.43921885E+00  -3.22703587E+00  -3.49729715E+00
  3.52691726E+00  -3.42814864E+00  -3.47168650E+00
  3.63933940E+00  -3.09245519E+00  -2.89906253E+00
  3.78448685E+00  -2.11081294E+00  -1.84239191E+00
  3.96195804E+00  -5.18217590E-01  -4.45017350E-01
The toroidal mode    8
 Perpend. k-vec  Curvature        Coriolis
  4.25372125E+00  -5.17468392E-01  -4.47463378E-01
  4.04666743E+00  -2.22457379E+00  -1.94367697E+00
  3.87718573E+00  -3.27500933E+00  -3.07197186E+00
  3.74585168E+00  -3.63575357E+00  -3.68353212E+00
  3.64339026E+00  -3.42616280E+00  -3.71455594E+00
  3.56022394E+00  -2.80027903E+00  -3.20029788E+00
  3.48903303E+00  -1.90102771E+00  -2.25355365E+00
  3.42447436E+00  -8.52210479E-01  -1.03527401E+00
  3.36236971E+00   2.37272813E-01   2.70697215E-01
  3.29895448E+00   1.26660337E+00   1.47790571E+00
  3.23019082E+00   2.13662996E+00   2.41543445E+00
  3.15101887E+00   2.74592950E+00   2.94792709E+00
  3.05450434E+00   2.99263774E+00   2.99981030E+00
  2.93131253E+00   2.79034964E+00   2.58179609E+00
  2.77148939E+00   2.11306779E+00   1.80609660E+00
  2.57279570E+00   1.07002968E+00   8.59498736E-01
  2.35349878E+00  -6.57412987E-02  -7.55635895E-02
  2.14744717E+00  -9.90285539E-01  -8.76668228E-01
  1.97739063E+00  -1.54909417E+00  -1.46317610E+00
  1.84489128E+00  -1.74962596E+00  -1.78176802E+00
  1.74137169E+00  -1.66987637E+00  -1.81872744E+00
  1.65756207E+00  -1.39546753E+00  -1.60232527E+00
  1.58626133E+00  -9.99669275E-01  -1.19175627E+00
  1.52220407E+00  -5.42194908E-01  -6.63656184E-01
  1.46133008E+00  -7.27427578E-02  -1.00920614E-01
  1.40009401E+00   3.65244931E-01   4.16108329E-01
  1.33486002E+00   7.31818461E-01   8.17461834E-01
  1.26129826E+00   9.89643071E-01   1.05209858E+00
  1.17380316E+00   1.10651013E+00   1.09804620E+00
  1.06542231E+00   1.06443449E+00   9.73000335E-01
  9.30149153E-01   8.78779531E-01   7.39087863E-01
  7.71039390E-01   6.18302585E-01   4.87598947E-01
  6.11168515E-01   3.85985795E-01   2.96336199E-01
  4.87134264E-01   2.44002715E-01   1.90340511E-01
  4.21113563E-01   1.76820982E-01   1.45619658E-01
  4.06941276E-01   1.36501647E-01   1.19996087E-01
  4.24519096E-01   8.64100521E-02   7.71010680E-02
  4.57807769E-01   9.34397394E-03  -4.35265255E-03
  4.98855552E-01  -9.83108370E-02  -1.29958893E-01
  5.44925827E-01  -2.32179337E-01  -2.92038355E-01
  5.95986161E-01  -3.82758329E-01  -4.72538443E-01
  6.53593312E-01  -5.36113507E-01  -6.45689048E-01
  7.20644291E-01  -6.72993042E-01  -7.80510779E-01
  8.01614024E-01  -7.66643355E-01  -8.43729920E-01
  9.02989095E-01  -7.79617476E-01  -8.03717906E-01
  1.03315760E+00  -6.61480664E-01  -6.35795425E-01
  1.19956652E+00  -3.55508722E-01  -3.27920876E-01
  1.39981575E+00   1.66575492E-01   1.15699159E-01
  1.61178651E+00   8.37712888E-01   6.68235988E-01
  1.80355998E+00   1.47829097E+00   1.25734925E+00
  1.95815166E+00   1.90273614E+00   1.75441542E+00
  2.07782024E+00   2.02262925E+00   2.02176019E+00
  2.17205339E+00   1.84269648E+00   1.97292957E+00
  2.24976049E+00   1.41415548E+00   1.59361996E+00
  2.31759511E+00   8.03047601E-01   9.31838484E-01
  2.38044984E+00   7.78362338E-02   7.95794746E-02
  2.44226775E+00  -6.92773900E-01  -8.44156273E-01
  2.50676356E+00  -1.43747194E+00  -1.70748642E+00
  2.57809299E+00  -2.07780455E+00  -2.37848339E+00
  2.66158884E+00  -2.52292978E+00  -2.73955843E+00
  2.76454755E+00  -2.66574508E+00  -2.70548201E+00
  2.89645696E+00  -2.38739582E+00  -2.24459119E+00
  3.06634972E+00  -1.58979698E+00  -1.39492961E+00
  3.27325907E+00  -2.85151601E-01  -2.56200630E-01
The toroidal mode    9
 Perpend. k-vec  Curvature        Coriolis
  4.38225517E+00  -4.77999729E-01  -4.18032281E-01
  4.14564864E+00  -2.23253851E+00  -1.95350414E+00
  3.95175653E+00  -3.30962787E+00  -3.10698442E+00
  3.80140241E+00  -3.68169041E+00  -3.73236939E+00
  3.68408413E+00  -3.47475089E+00  -3.76931515E+00
  3.58888954E+00  -2.84768254E+00  -3.25635955E+00
  3.50746019E+00  -1.94634374E+00  -2.30895707E+00
  3.43369165E+00  -8.96134598E-01  -1.08988664E+00
  3.36281582E+00   1.93348694E-01   2.16084587E-01
  3.29054776E+00   1.22128734E+00   1.42250228E+00
  3.21230676E+00   2.08922646E+00   2.35937277E+00
  3.12236974E+00   2.69734140E+00   2.89316789E+00
  3.01290932E+00   2.94670089E+00   2.95097303E+00
  2.87339643E+00   2.75573109E+00   2.54678354E+00
  2.69257996E+00   2.10510307E+00   1.79626943E+00
  2.46779799E+00   1.10949834E+00   8.88929833E-01
  2.21935236E+00   3.82598065E-02   6.99604875E-03
  1.98523834E+00  -8.21923360E-01  -7.34065577E-01
  1.79137265E+00  -1.33715341E+00  -1.26836069E+00
  1.63995558E+00  -1.52611600E+00  -1.55892470E+00
  1.52159624E+00  -1.46756641E+00  -1.60265400E+00
  1.42595111E+00  -1.24218368E+00  -1.43010514E+00
  1.34494037E+00  -9.16219808E-01  -1.09547436E+00
  1.27267776E+00  -5.41831088E-01  -6.65180551E-01
  1.20470189E+00  -1.60954815E-01  -2.08621504E-01
  1.13726148E+00   1.91163415E-01   2.09019565E-01
  1.06674881E+00   4.83727599E-01   5.33118359E-01
  9.89272581E-01   6.90156917E-01   7.26506738E-01
  9.00597167E-01   7.91126484E-01   7.77528339E-01
  7.97507008E-01   7.83256633E-01   7.08159814E-01
  6.83714061E-01   6.94487923E-01   5.76830874E-01
  5.83874245E-01   5.93238807E-01   4.63901503E-01
  5.46643118E-01   5.54519342E-01   4.32024378E-01
  5.89804352E-01   5.88691787E-01   4.85372982E-01
  6.73484673E-01   6.35321048E-01   5.70263035E-01
  7.61693909E-01   6.29458404E-01   6.14519987E-01
  8.42593435E-01   5.39618081E-01   5.64007151E-01
  9.15682418E-01   3.63315184E-01   3.96149278E-01
  9.83555544E-01   1.13904121E-01   1.18008361E-01
  1.04933707E+00  -1.87527579E-01  -2.40474461E-01
  1.11624923E+00  -5.15258325E-01  -6.33327594E-01
  1.18783504E+00  -8.38960514E-01  -1.00446315E+00
  1.26843234E+00  -1.12177126E+00  -1.29313606E+00
  1.36383906E+00  -1.31702757E+00  -1.44015441E+00
  1.48204496E+00  -1.36444792E+00  -1.39591635E+00
  1.63326578E+00  -1.18921783E+00  -1.13046391E+00
  1.82671079E+00  -7.16127224E-01  -6.42607685E-01
  2.06002928E+00   7.69792717E-02   3.88731735E-02
  2.30738853E+00   1.07077888E+00   8.57052708E-01
  2.53110576E+00   1.99930693E+00   1.70481154E+00
  2.71110246E+00   2.60779551E+00   2.40888676E+00
  2.85005793E+00   2.78503281E+00   2.78796468E+00
  2.95915555E+00   2.54680257E+00   2.73066830E+00
  3.04885902E+00   1.96881405E+00   2.22240369E+00
  3.12695182E+00   1.14402805E+00   1.33149108E+00
  3.19913069E+00   1.66775931E-01   1.84231630E-01
  3.26996136E+00  -8.69561835E-01  -1.05803369E+00
  3.34372095E+00  -1.86908444E+00  -2.21794587E+00
  3.42517408E+00  -2.72727012E+00  -3.11939047E+00
  3.52042370E+00  -3.32421206E+00  -3.60681556E+00
  3.63782470E+00  -3.52002233E+00  -3.56936104E+00
  3.78827481E+00  -3.16169229E+00  -2.96908764E+00
  3.98223668E+00  -2.12674237E+00  -1.86204624E+00
  4.21882228E+00  -4.39280264E-01  -3.86155156E-01
The toroidal mode   10
 Perpend. k-vec  Curvature        Coriolis
  4.51141818E+00  -4.38531065E-01  -3.88601184E-01
  4.24530359E+00  -2.24050322E+00  -1.96333130E+00
  4.02699620E+00  -3.34424642E+00  -3.14199697E+00
  3.85759527E+00  -3.72762725E+00  -3.78120667E+00
  3.72539342E+00  -3.52333899E+00  -3.82407435E+00
  3.61815462E+00  -2.89508604E+00  -3.31242123E+00
  3.52648613E+00  -1.99165976E+00  -2.36436050E+00
  3.44352527E+00  -9.40058717E-01  -1.14449927E+00
  3.36391806E+00   1.49424575E-01   1.61471959E-01
  3.28286620E+00   1.17597132E+00   1.36709886E+00
  3.19525864E+00   2.04182296E+00   2.30331110E+00
  3.09473145E+00   2.64875331E+00   2.83840868E+00
  2.97260387E+00   2.90076405E+00   2.90213576E+00
  2.81722013E+00   2.72111254E+00   2.51177099E+00
  2.61612974E+00   2.09713836E+00   1.78644226E+00
  2.36632497E+00   1.14896701E+00   9.18360930E-01
  2.09005947E+00   1.42260912E-01   8.95556870E-02
  1.82919636E+00  -6.53561182E-01  -5.91462926E-01
  1.61260083E+00  -1.12521265E+00  -1.07354528E+00
  1.44312771E+00  -1.30260605E+00  -1.33608139E+00
  1.31072074E+00  -1.26525644E+00  -1.38658056E+00
  1.20412830E+00  -1.08889982E+00  -1.25788501E+00
  1.11455465E+00  -8.32770342E-01  -9.99192440E-01
  1.03568449E+00  -5.41467269E-01  -6.66704918E-01
  9.62937572E-01  -2.49166873E-01  -3.16322394E-01
  8.92839828E-01   1.70818997E-02   1.93080116E-03
  8.22724615E-01   2.35636736E-01   2.48774883E-01
  7.51006084E-01   3.90670763E-01   4.00914890E-01
  6.78879610E-01   4.75742838E-01   4.57010480E-01
  6.15651129E-01   5.02078776E-01   4.43319294E-01
  5.88946692E-01   5.10196315E-01   4.14573885E-01
  6.40405584E-01   5.68175028E-01   4.40204059E-01
  7.74290820E-01   7.23052889E-01   5.67712558E-01
  9.40765142E-01   9.33380859E-01   7.80405453E-01
  1.09543942E+00   1.09382111E+00   9.94906411E-01
  1.22471096E+00   1.12241516E+00   1.10904389E+00
  1.33159475E+00   9.92826109E-01   1.05091323E+00
  1.42285982E+00   7.17286395E-01   7.96651208E-01
  1.50468692E+00   3.26119078E-01   3.65975616E-01
  1.58213193E+00  -1.42875820E-01  -1.88910566E-01
  1.65960111E+00  -6.47758321E-01  -7.94116746E-01
  1.74150465E+00  -1.14180752E+00  -1.36323725E+00
  1.83297486E+00  -1.57054948E+00  -1.80576133E+00
  1.94071651E+00  -1.86741178E+00  -2.03657890E+00
  2.07391039E+00  -1.94927837E+00  -1.98811480E+00
  2.24433651E+00  -1.71695499E+00  -1.62513240E+00
  2.46278391E+00  -1.07674573E+00  -9.57294493E-01
  2.72698878E+00  -1.26169488E-02  -3.79528120E-02
The toroidal mode   11
 Perpend. k-vec  Curvature        Coriolis
  4.64115775E+00  -3.99062402E-01  -3.59170087E-01
  4.34558594E+00  -2.24846794E+00  -1.97315847E+00
  4.10286796E+00  -3.37886497E+00  -3.17700953E+00
  3.91440258E+00  -3.77356410E+00  -3.83004394E+00
  3.76729791E+00  -3.57192708E+00  -3.87883355E+00
  3.64800475E+00  -2.94248955E+00  -3.36848290E+00
  3.54610122E+00  -2.03697579E+00  -2.41976392E+00
  3.45396997E+00  -9.83982836E-01  -1.19911190E+00
  3.36567578E+00   1.05500456E-01   1.06859330E-01
  3.27591489E+00   1.13065530E+00   1.31169543E+00
  3.17905990E+00   1.99441945E+00   2.24724943E+00
  3.06813131E+00   2.60016522E+00   2.78364948E+00
  2.93364115E+00   2.85482720E+00   2.85329848E+00
  2.76288974E+00   2.68649400E+00   2.47675843E+00
  2.54236060E+00   2.08917364E+00   1.77661509E+00
  2.26884959E+00   1.18843567E+00   9.47792027E-01
  1.96657766E+00   2.46262017E-01   1.72115325E-01
  1.68103942E+00  -4.85199003E-01  -4.48860275E-01
  1.44376942E+00  -9.13271895E-01  -8.78729869E-01
  1.25821843E+00  -1.07909609E+00  -1.11323808E+00
  1.11381173E+00  -1.06294647E+00  -1.17050712E+00
  9.98637674E-01  -9.35615971E-01  -1.08566488E+00
  9.03508388E-01  -7.49320875E-01  -9.02910525E-01
  8.22135216E-01  -5.41103449E-01  -6.68229285E-01
  7.50541101E-01  -3.37378931E-01  -4.24023283E-01
  6.86775867E-01  -1.56999616E-01  -2.05157963E-01
  6.31363285E-01  -1.24541261E-02  -3.55685925E-02
  5.89001705E-01   9.11846094E-02   7.53230429E-02
  5.72032035E-01   1.60359192E-01   1.36492621E-01
  6.03449545E-01   2.20900920E-01   1.78478773E-01
  7.09476786E-01   3.25904707E-01   2.52316896E-01
  8.95618377E-01   5.43111250E-01   4.16506615E-01
  1.12944663E+00   8.91586436E-01   7.03400737E-01
  1.35970932E+00   1.27806993E+00   1.07543792E+00
  1.55452705E+00   1.55232118E+00   1.41954979E+00
  1.71021027E+00   1.61537192E+00   1.60356779E+00
  1.83569036E+00   1.44603414E+00   1.53781932E+00
  1.94107066E+00   1.07125761E+00   1.19715314E+00
  2.03444353E+00   5.38334036E-01   6.13942871E-01
  2.12203761E+00  -9.82240618E-02  -1.37346672E-01
  2.20906994E+00  -7.80258318E-01  -9.54905897E-01
  2.30061804E+00  -1.44465453E+00  -1.72201136E+00
  2.40248972E+00  -2.01932770E+00  -2.31838661E+00
  2.52221248E+00  -2.41779600E+00  -2.63300339E+00
  2.67008061E+00  -2.53410882E+00  -2.58031324E+00
  2.85935001E+00  -2.24469216E+00  -2.11980088E+00
  3.10229862E+00  -1.43736423E+00  -1.27198130E+00
  3.39672278E+00  -1.02213169E-01  -1.14778797E-01
The toroidal mode   12
 Perpend. k-vec  Curvature        Coriolis
  4.77142685E+00  -3.59593739E-01  -3.29738990E-01
  4.44645322E+00  -2.25643265E+00  -1.98298564E+00
  4.17933737E+00  -3.41348352E+00  -3.21202208E+00
  3.97179800E+00  -3.81950094E+00  -3.87888121E+00
  3.80977795E+00  -3.62051517E+00  -3.93359276E+00
  3.67842568E+00  -2.98989305E+00  -3.42454457E+00
  3.56629573E+00  -2.08229181E+00  -2.47516734E+00
  3.46502020E+00  -1.02790695E+00  -1.25372453E+00
  3.36808794E+00   6.15763372E-02   5.22467017E-02
  3.26969848E+00   1.08533927E+00   1.25629201E+00
  3.16372360E+00   1.94701595E+00   2.19118775E+00
  3.04259656E+00   2.55157712E+00   2.72889028E+00
  2.89607535E+00   2.80889036E+00   2.80446121E+00
  2.71051628E+00   2.65187545E+00   2.44174588E+00
  2.47151261E+00   2.08120893E+00   1.76678793E+00
  2.17590917E+00   1.22790433E+00   9.77223124E-01
  1.85007085E+00   3.50263122E-01   2.54674963E-01
  1.54304046E+00  -3.16836824E-01  -3.06257624E-01
  1.28879093E+00  -7.01331137E-01  -6.83914458E-01
  1.09130309E+00  -8.55586136E-01  -8.90394763E-01
  9.39690500E-01  -8.60636503E-01  -9.54433678E-01
  8.21823153E-01  -7.82332118E-01  -9.13444753E-01
  7.28800802E-01  -6.65871409E-01  -8.06628610E-01
  6.55362883E-01  -5.40739629E-01  -6.69753653E-01
  5.99580005E-01  -4.25590989E-01  -5.31724173E-01
  5.62901477E-01  -3.31081132E-01  -4.12246727E-01
  5.50621861E-01  -2.60544989E-01  -3.19912068E-01
  5.72187774E-01  -2.08301545E-01  -2.50268804E-01
  6.40394121E-01  -1.55024453E-01  -1.84025239E-01
  7.69020515E-01  -6.02769367E-02  -8.63617474E-02
  9.67968093E-01   1.41613099E-01   9.00599077E-02
  1.23164444E+00   5.18047471E-01   3.92809171E-01
  1.52551267E+00   1.06011998E+00   8.39088917E-01
  1.79977229E+00   1.62275900E+00   1.37047039E+00
  2.02565598E+00   2.01082125E+00   1.84419316E+00
  2.20338021E+00   2.10832867E+00   2.09809169E+00
  2.34516679E+00   1.89924217E+00   2.02472540E+00
  2.46336152E+00   1.42522882E+00   1.59765507E+00
  2.56749193E+00   7.50548994E-01   8.61910126E-01
  2.66473541E+00  -5.35723034E-02  -8.57827778E-02
  2.76100612E+00  -9.12758314E-01  -1.11569505E+00
  2.86198651E+00  -1.74750153E+00  -2.08078546E+00
  2.97412183E+00  -2.46810592E+00  -2.83101189E+00
  3.10573384E+00  -2.96818021E+00  -3.22942788E+00
  3.26820068E+00  -3.11893926E+00  -3.17251169E+00
  3.47621423E+00  -2.77242932E+00  -2.61446937E+00
  3.74349152E+00  -1.79798273E+00  -1.58666811E+00
  4.06786113E+00  -1.91809390E-01  -1.91604783E-01
The toroidal mode   13
 Perpend. k-vec  Curvature        Coriolis
  4.90218327E+00  -3.20125075E-01  -3.00307893E-01
  4.54786653E+00  -2.26439737E+00  -1.99281281E+00
  4.25637222E+00  -3.44810207E+00  -3.24703464E+00
  4.02975639E+00  -3.86543779E+00  -3.92771848E+00
  3.85281450E+00  -3.66910327E+00  -3.98835196E+00
  3.70940336E+00  -3.03729656E+00  -3.48060625E+00
  3.58705988E+00  -2.12760784E+00  -2.53057077E+00
  3.47667021E+00  -1.07183107E+00  -1.30833716E+00
  3.37115316E+00   1.76522182E-02  -2.36592671E-03
  3.26422119E+00   1.04002325E+00   1.20088858E+00
  3.14926232E+00   1.89961244E+00   2.13512608E+00
  3.01815423E+00   2.50298903E+00   2.67413107E+00
  2.85996152E+00   2.76295351E+00   2.75562394E+00
  2.66021533E+00   2.61725690E+00   2.40673332E+00
  2.40384407E+00   2.07324421E+00   1.75696076E+00
  2.08810935E+00   1.26737300E+00   1.00665422E+00
  1.74193913E+00   4.54264227E-01   3.37234602E-01
  1.41816796E+00  -1.48474646E-01  -1.63654973E-01
  1.15326372E+00  -4.89390378E-01  -4.89099047E-01
  9.51894964E-01  -6.32076180E-01  -6.67551449E-01
  8.03314303E-01  -6.58326535E-01  -7.38360238E-01
  6.95897430E-01  -6.29048266E-01  -7.41224625E-01
  6.21853419E-01  -5.82421942E-01  -7.10346694E-01
  5.77429606E-01  -5.40375809E-01  -6.71278020E-01
  5.61962172E-01  -5.13803046E-01  -6.39425063E-01
  5.76848250E-01  -5.05162647E-01  -6.19335491E-01
  6.24956241E-01  -5.08635851E-01  -6.04255544E-01
  7.10941390E-01  -5.07787698E-01  -5.75860652E-01
  8.42335723E-01  -4.70408099E-01  -5.04543098E-01
  1.02992714E+00  -3.41454793E-01  -3.51202268E-01
  1.28361714E+00  -4.26785097E-02  -7.21970811E-02
  1.59830115E+00   4.92983693E-01   3.69111726E-01
  1.93756135E+00   1.22865353E+00   9.74777096E-01
  2.24858882E+00   1.96744808E+00   1.66550287E+00
  2.50203334E+00   2.46932131E+00   2.26883654E+00
  2.70002082E+00   2.60128543E+00   2.59261559E+00
  2.85714702E+00   2.35245020E+00   2.51163149E+00
  2.98759336E+00   1.77920003E+00   1.99815700E+00
  3.10213567E+00   9.62763952E-01   1.10987738E+00
  3.20880898E+00  -8.92054498E-03  -3.42188835E-02
  3.31417716E+00  -1.04525831E+00  -1.27648420E+00
  3.42450124E+00  -2.05034854E+00  -2.43955957E+00
  3.54684766E+00  -2.91688414E+00  -3.34363717E+00
  3.69031994E+00  -3.51856443E+00  -3.82585237E+00
  3.86736602E+00  -3.70376971E+00  -3.76471013E+00
  4.09409271E+00  -3.30016648E+00  -3.10913786E+00
  4.38562659E+00  -2.15860123E+00  -1.90135492E+00
  4.73980732E+00  -2.81405610E-01  -2.68430768E-01
The toroidal mode   14
 Perpend. k-vec  Curvature        Coriolis
  5.03338903E+00  -2.80656412E-01  -2.70876796E-01
  4.64979014E+00  -2.27236208E+00  -2.00263998E+00
  4.33394236E+00  -3.48272062E+00  -3.28204719E+00
  4.08825380E+00  -3.91137463E+00  -3.97655576E+00
  3.89638912E+00  -3.71769136E+00  -4.04311116E+00
  3.74092398E+00  -3.08470006E+00  -3.53666792E+00
  3.60838383E+00  -2.17292386E+00  -2.58597419E+00
  3.48891398E+00  -1.11575519E+00  -1.36294978E+00
  3.37486965E+00  -2.62719007E-02  -5.69785551E-02
  3.25948673E+00   9.94707222E-01   1.14548516E+00
  3.13568819E+00   1.85220894E+00   2.07906441E+00
  2.99483108E+00   2.45440094E+00   2.61937187E+00
  2.82535534E+00   2.71701667E+00   2.70678666E+00
  2.61210661E+00   2.58263835E+00   2.37172077E+00
  2.33963088E+00   2.06527950E+00   1.74713359E+00
  2.00612519E+00   1.30684166E+00   1.03608532E+00
  1.64383609E+00   5.58265333E-01   4.19794240E-01
  1.31018053E+00   1.98875329E-02  -2.10523221E-02
  1.04478493E+00  -2.77449619E-01  -2.94283636E-01
  8.53579745E-01  -4.08566224E-01  -4.44708136E-01
  7.26266803E-01  -4.56016567E-01  -5.22286798E-01
  6.51089103E-01  -4.75764413E-01  -5.69004497E-01
  6.18854270E-01  -4.98972476E-01  -6.14064779E-01
  6.22639253E-01  -5.40011990E-01  -6.72802387E-01
  6.57440375E-01  -6.02015104E-01  -7.47125953E-01
  7.20658438E-01  -6.79244163E-01  -8.26424255E-01
  8.12882036E-01  -7.56726714E-01  -8.88599019E-01
  9.38637013E-01  -8.07273852E-01  -9.01452499E-01
  1.10702085E+00  -7.85791745E-01  -8.25060957E-01
  1.33124882E+00  -6.22632650E-01  -6.16042788E-01
  1.62341908E+00  -2.26970118E-01  -2.34454070E-01
  1.97863283E+00   4.67919914E-01   3.45414282E-01
The toroidal mode   15
 Perpend. k-vec  Curvature        Coriolis
  5.16500988E+00  -2.41187749E-01  -2.41445699E-01
  4.75219120E+00  -2.28032680E+00  -2.01246715E+00
  4.41201956E+00  -3.51733917E+00  -3.31705975E+00
  4.14726744E+00  -3.95731148E+00  -4.02539303E+00
  3.94048396E+00  -3.76627945E+00  -4.09787037E+00
  3.77297392E+00  -3.13210357E+00  -3.59272960E+00
  3.63025773E+00  -2.21823989E+00  -2.64137762E+00
  3.50174528E+00  -1.15967931E+00  -1.41756241E+00
  3.37923525E+00  -7.01960197E-02  -1.11591184E-01
  3.25549834E+00   9.49391197E-01   1.09008174E+00
  3.12301276E+00   1.80480543E+00   2.02300273E+00
  2.97265344E+00   2.40581285E+00   2.56461266E+00
  2.79231286E+00   2.67107982E+00   2.65794939E+00
  2.56631343E+00   2.54801980E+00   2.33670821E+00
  2.27916510E+00   2.05731478E+00   1.73730642E+00
  1.93069769E+00   1.34631032E+00   1.06551641E+00
  1.55765773E+00   6.62266438E-01   5.02353878E-01
  1.22355703E+00   1.88249711E-01   1.21550329E-01
  9.72449031E-01  -6.55088600E-02  -9.94682255E-02
  8.11434232E-01  -1.85056268E-01  -2.21864822E-01
  7.27644854E-01  -2.53706599E-01  -3.06213358E-01
  7.03082254E-01  -3.22480560E-01  -3.96784368E-01
  7.21101521E-01  -4.15523009E-01  -5.17782864E-01
  7.69587276E-01  -5.39648170E-01  -6.74326754E-01
  8.41887921E-01  -6.90227162E-01  -8.54826842E-01
  9.36291682E-01  -8.53325679E-01  -1.03351302E+00
  1.05536967E+00  -1.00481758E+00  -1.17294249E+00
  1.20590389E+00  -1.10676001E+00  -1.22704435E+00
  1.39928615E+00  -1.10117539E+00  -1.14557882E+00
  1.65100366E+00  -9.03810506E-01  -8.80883309E-01
  1.97494605E+00  -4.11261726E-01  -3.96711059E-01
  2.36605410E+00   4.42856136E-01   3.21716838E-01
The toroidal mode   16
 Perpend. k-vec  Curvature        Coriolis
  5.29701489E+00  -2.01719085E-01  -2.12014602E-01
  4.85503951E+00  -2.28829151E+00  -2.02229432E+00
  4.49057738E+00  -3.55195772E+00  -3.35207230E+00
  4.20677556E+00  -4.00324832E+00  -4.07423030E+00
  3.98508175E+00  -3.81486754E+00  -4.15262957E+00
  3.80553980E+00  -3.17950707E+00  -3.64879127E+00
  3.65267168E+00  -2.26355591E+00  -2.69678104E+00
  3.51515768E+00  -1.20360343E+00  -1.47217504E+00
  3.38424746E+00  -1.14120139E-01  -1.66203812E-01
  3.25225877E+00   9.04075173E-01   1.03467831E+00
  3.11124702E+00   1.75740193E+00   1.96694106E+00
  2.95164714E+00   2.35722475E+00   2.50985346E+00
  2.76089022E+00   2.62514298E+00   2.60911212E+00
  2.52296187E+00   2.51340125E+00   2.30169566E+00
  2.22275259E+00   2.04935007E+00   1.72747925E+00
  1.86262357E+00   1.38577899E+00   1.09494751E+00
  1.48548089E+00   7.66267543E-01   5.84913516E-01
  1.16308071E+00   3.56611890E-01   2.64152980E-01
  9.44596160E-01   1.46431899E-01   9.53471854E-02
  8.34017637E-01   3.84536880E-02   9.78491096E-04
  8.07046817E-01  -5.13966316E-02  -9.01399183E-02
  8.33964113E-01  -1.69196707E-01  -2.24564240E-01
  8.93152880E-01  -3.32073542E-01  -4.21500949E-01
  9.73231607E-01  -5.39284350E-01  -6.75851121E-01
  1.07025406E+00  -7.78439219E-01  -9.62527732E-01
  1.18517277E+00  -1.02740719E+00  -1.24060178E+00
  1.32274491E+00  -1.25290844E+00  -1.45728597E+00
  1.49162057E+00  -1.40624616E+00  -1.55263619E+00
  1.70500708E+00  -1.41655904E+00  -1.46609667E+00
  1.98028253E+00  -1.18498836E+00  -1.14572383E+00
  2.33290379E+00  -5.95553334E-01  -5.58968047E-01
  2.75757845E+00   4.17792357E-01   2.98019394E-01
The toroidal mode   17
 Perpend. k-vec  Curvature        Coriolis
  5.42937603E+00  -1.62250422E-01  -1.82583505E-01
  4.95830725E+00  -2.29625623E+00  -2.03212149E+00
  4.56959101E+00  -3.58657626E+00  -3.38708486E+00
  4.26675749E+00  -4.04918517E+00  -4.12306758E+00
  4.03016580E+00  -3.86345564E+00  -4.20738878E+00
  3.83860850E+00  -3.22691058E+00  -3.70485294E+00
  3.67561581E+00  -2.30887193E+00  -2.75218447E+00
  3.52914456E+00  -1.24752755E+00  -1.52678767E+00
  3.38990341E+00  -1.58044258E-01  -2.20816440E-01
  3.24977026E+00   8.58759148E-01   9.79274887E-01
  3.10040132E+00   1.70999842E+00   1.91087938E+00
  2.93183736E+00   2.30863666E+00   2.45509426E+00
  2.73114335E+00   2.57920613E+00   2.56027485E+00
  2.48217985E+00   2.47878270E+00   2.26668310E+00
  2.17070936E+00   2.04138535E+00   1.71765208E+00
  1.80273603E+00   1.42524765E+00   1.12437861E+00
  1.42942811E+00   8.70268648E-01   6.67473154E-01
  1.13294652E+00   5.24974069E-01   4.06755631E-01
  9.65085442E-01   3.58372658E-01   2.90162596E-01
  9.16557743E-01   2.61963644E-01   2.23821805E-01
  9.45005852E-01   1.50913336E-01   1.25933522E-01
  1.01362295E+00  -1.59128546E-02  -5.23441119E-02
  1.10280760E+00  -2.48624076E-01  -3.25219034E-01
  1.20516604E+00  -5.38920531E-01  -6.77375488E-01
  1.31993686E+00  -8.66651277E-01  -1.07022862E+00
  1.45028470E+00  -1.20148871E+00  -1.44769055E+00
  1.60259917E+00  -1.50099930E+00  -1.74162945E+00
  1.78695904E+00  -1.70573231E+00  -1.87822804E+00
  2.01807765E+00  -1.73194268E+00  -1.78661453E+00
  2.31502503E+00  -1.46616622E+00  -1.41056435E+00
  2.69473080E+00  -7.79844943E-01  -7.21225036E-01
  3.15167710E+00   3.92728578E-01   2.74321949E-01
The toroidal mode   18
 Perpend. k-vec  Curvature        Coriolis
  5.56206788E+00  -1.22781759E-01  -1.53152408E-01
  5.06196873E+00  -2.30422094E+00  -2.04194866E+00
  4.64903722E+00  -3.62119481E+00  -3.42209741E+00
  4.32719352E+00  -4.09512201E+00  -4.17190485E+00
  4.07571997E+00  -3.91204373E+00  -4.26214798E+00
  3.87216713E+00  -3.27431408E+00  -3.76091462E+00
  3.69908025E+00  -2.35418796E+00  -2.80758789E+00
  3.54369911E+00  -1.29145167E+00  -1.58140030E+00
  3.39619989E+00  -2.01968377E-01  -2.75429069E-01
  3.24803453E+00   8.13443124E-01   9.23871462E-01
  3.09048536E+00   1.66259492E+00   1.85481771E+00
  2.91324849E+00   2.26004857E+00   2.40033505E+00
  2.70312755E+00   2.53326929E+00   2.51143757E+00
  2.44409602E+00   2.44416415E+00   2.23167055E+00
  2.12335673E+00   2.03342064E+00   1.70782491E+00
  1.75187486E+00   1.46471631E+00   1.15380971E+00
  1.39144936E+00   9.74269754E-01   7.50032793E-01
  1.13557256E+00   6.93336247E-01   5.49358282E-01
  1.03103886E+00   5.70313417E-01   4.84978007E-01
  1.04494189E+00   4.85473600E-01   4.46665118E-01
  1.12008996E+00   3.53223304E-01   3.42006961E-01
  1.22070908E+00   1.37370998E-01   1.19876016E-01
  1.33243198E+00  -1.65174609E-01  -2.28937118E-01
  1.45189561E+00  -5.38556711E-01  -6.78899855E-01
  1.58086809E+00  -9.54863335E-01  -1.17792951E+00
  1.72415655E+00  -1.37557023E+00  -1.65477931E+00
  1.88939544E+00  -1.74909016E+00  -2.02597292E+00
  2.08784010E+00  -2.00521847E+00  -2.20381989E+00
  2.33554416E+00  -2.04732633E+00  -2.10713239E+00
  2.65316397E+00  -1.74734408E+00  -1.67540487E+00
  3.05905441E+00  -9.64136551E-01  -8.83482025E-01
  3.54749222E+00   3.67664800E-01   2.50624505E-01
The toroidal mode   19
 Perpend. k-vec  Curvature        Coriolis
  5.69506732E+00  -8.33130954E-02  -1.23721311E-01
  5.16600025E+00  -2.31218566E+00  -2.05177582E+00
  4.72889421E+00  -3.65581336E+00  -3.45710997E+00
  4.38806489E+00  -4.14105886E+00  -4.22074212E+00
  4.12172867E+00  -3.96063182E+00  -4.31690718E+00
  3.90620307E+00  -3.32171759E+00  -3.81697629E+00
  3.72305517E+00  -2.39950398E+00  -2.86299132E+00
  3.55881436E+00  -1.33537579E+00  -1.63601293E+00
  3.40313333E+00  -2.45892496E-01  -3.30041697E-01
  3.24705280E+00   7.68127099E-01   8.68468038E-01
  3.08150811E+00   1.61519141E+00   1.79875604E+00
  2.89590407E+00   2.21146047E+00   2.34557585E+00
  2.67689718E+00   2.48733244E+00   2.46260030E+00
  2.40883835E+00   2.40954561E+00   2.19665799E+00
  2.08101491E+00   2.02545592E+00   1.69799774E+00
  1.71084527E+00   1.50418498E+00   1.18324080E+00
  1.37304525E+00   1.07827086E+00   8.32592431E-01
  1.17073841E+00   8.61698426E-01   6.91960932E-01
  1.13455523E+00   7.82254175E-01   6.79793418E-01
  1.20460025E+00   7.08983556E-01   6.69508432E-01
  1.31758148E+00   5.55533272E-01   5.58080401E-01
  1.44346586E+00   2.90654851E-01   2.92096145E-01
  1.57330647E+00  -8.17251426E-02  -1.32655203E-01
  1.70701693E+00  -5.38192891E-01  -6.80424222E-01
  1.84828991E+00  -1.04307539E+00  -1.28563040E+00
  2.00319862E+00  -1.54965174E+00  -1.86186807E+00
  2.18039611E+00  -1.99718103E+00  -2.31031640E+00
  2.39217326E+00  -2.30470462E+00  -2.52941174E+00
  2.65583066E+00  -2.36270997E+00  -2.42765025E+00
  2.99354862E+00  -2.02852193E+00  -1.94024539E+00
  3.42507803E+00  -1.14842816E+00  -1.04573901E+00
  3.94450710E+00   3.42601021E-01   2.26927061E-01
The toroidal mode   20
 Perpend. k-vec  Curvature        Coriolis
  5.82835329E+00  -4.38444320E-02  -9.42902140E-02
  5.27037991E+00  -2.32015037E+00  -2.06160299E+00
  4.80914152E+00  -3.69043191E+00  -3.49212252E+00
  4.44935373E+00  -4.18699570E+00  -4.26957939E+00
  4.16817685E+00  -4.00921992E+00  -4.37166639E+00
  3.94070395E+00  -3.36912109E+00  -3.87303796E+00
  3.74753077E+00  -2.44482001E+00  -2.91839474E+00
  3.57448321E+00  -1.37929991E+00  -1.69062555E+00
  3.41069986E+00  -2.89816615E-01  -3.84654326E-01
  3.24682575E+00   7.22811074E-01   8.13064613E-01
  3.07347779E+00   1.56778791E+00   1.74269436E+00
  2.87982656E+00   2.16287238E+00   2.29081665E+00
  2.65250522E+00   2.44139560E+00   2.41376303E+00
  2.37653262E+00   2.37492706E+00   2.16164544E+00
  2.04399533E+00   2.01749121E+00   1.68817057E+00
  1.68036759E+00   1.54365364E+00   1.21267190E+00
  1.37500202E+00   1.18227196E+00   9.15152069E-01
  1.23566902E+00   1.03006060E+00   8.34563583E-01
  1.26645696E+00   9.94194934E-01   8.74608829E-01
  1.38475729E+00   9.32493512E-01   8.92351745E-01
  1.52882123E+00   7.57843240E-01   7.74153841E-01
  1.67565527E+00   4.43938704E-01   4.64316273E-01
  1.82097210E+00   1.72432395E-03  -3.63732881E-02
  1.96726790E+00  -5.37829071E-01  -6.81948589E-01
  2.11974723E+00  -1.13128745E+00  -1.39333129E+00
  2.28551800E+00  -1.72373326E+00  -2.06895684E+00
  2.47411808E+00  -2.24527189E+00  -2.59465987E+00
  2.69879094E+00  -2.60419078E+00  -2.85500358E+00
  2.97802743E+00  -2.67809362E+00  -2.74816811E+00
  3.33549154E+00  -2.30969979E+00  -2.20508591E+00
  3.79230945E+00  -1.33271977E+00  -1.20799600E+00
  4.34239270E+00   3.17537243E-01   2.03229617E-01
The toroidal mode   21
 Perpend. k-vec  Curvature        Coriolis
  5.96190659E+00  -4.37576869E-03  -6.48591170E-02
  5.37508743E+00  -2.32811509E+00  -2.07143016E+00
  4.88975993E+00  -3.72505046E+00  -3.52713507E+00
  4.51104303E+00  -4.23293255E+00  -4.31841667E+00
  4.21504999E+00  -4.05780801E+00  -4.42642559E+00
  3.97565766E+00  -3.41652460E+00  -3.92909964E+00
  3.77249731E+00  -2.49013603E+00  -2.97379816E+00
  3.59069841E+00  -1.42322403E+00  -1.74523818E+00
  3.41889527E+00  -3.33740734E-01  -4.39266954E-01
  3.24735352E+00   6.77495050E-01   7.57661189E-01
  3.06640184E+00   1.52038440E+00   1.68663269E+00
  2.86503731E+00   2.11428429E+00   2.23605744E+00
  2.63000281E+00   2.39545875E+00   2.36492576E+00
  2.34730073E+00   2.34030851E+00   2.12663288E+00
  2.01259170E+00   2.00952649E+00   1.67834341E+00
  1.66102275E+00   1.58312230E+00   1.24210300E+00
  1.39723414E+00   1.28627307E+00   9.97711707E-01
  1.32599909E+00   1.19842278E+00   9.77166234E-01
  1.41884957E+00   1.20613569E+00   1.06942424E+00
  1.57840950E+00   1.15600347E+00   1.11519506E+00
  1.74883438E+00   9.60153207E-01   9.90227281E-01
  1.91384725E+00   5.97222557E-01   6.36536401E-01
  2.07299623E+00   8.51737905E-02   5.99086271E-02
  2.23085396E+00  -5.37465252E-01  -6.83472956E-01
  2.39386761E+00  -1.21949951E+00  -1.50103218E+00
  2.57003485E+00  -1.89781477E+00  -2.27604560E+00
  2.76969573E+00  -2.49336275E+00  -2.87900335E+00
  3.00699436E+00  -2.90367693E+00  -3.18059543E+00
  3.30157524E+00  -2.99347727E+00  -3.06868597E+00
  3.67855819E+00  -2.59087764E+00  -2.46992643E+00
  4.16042885E+00  -1.51701138E+00  -1.37025299E+00
  4.74092978E+00   2.92473464E-01   1.79532173E-01
The toroidal mode   22
 Perpend. k-vec  Curvature        Coriolis
  6.09570963E+00   3.50928946E-02  -3.54280200E-02
  5.48010400E+00  -2.33607980E+00  -2.08125733E+00
  4.97073138E+00  -3.75966901E+00  -3.56214763E+00
  4.57311657E+00  -4.27886939E+00  -4.36725394E+00
  4.26233405E+00  -4.10639610E+00  -4.48118479E+00
  4.01105236E+00  -3.46392810E+00  -3.98516131E+00
  3.79794510E+00  -2.53545206E+00  -3.02920159E+00
  3.60745258E+00  -1.46714814E+00  -1.79985081E+00
  3.42771504E+00  -3.77664853E-01  -4.93879583E-01
  3.24863577E+00   6.32179025E-01   7.02257765E-01
  3.06028689E+00   1.47298090E+00   1.63057102E+00
  2.85155634E+00   2.06569619E+00   2.18129824E+00
  2.60943883E+00   2.34952191E+00   2.31608848E+00
  2.32125880E+00   2.30568996E+00   2.09162033E+00
  1.98707030E+00   2.00156178E+00   1.66851624E+00
  1.65320163E+00   1.62259097E+00   1.27153409E+00
  1.43880202E+00   1.39027417E+00   1.08027135E+00
  1.43694655E+00   1.36678496E+00   1.11976889E+00
  1.58583675E+00   1.41807645E+00   1.26423965E+00
  1.78116060E+00   1.37951342E+00   1.33803837E+00
  1.97469062E+00   1.16246318E+00   1.20630072E+00
  2.15605331E+00   7.50506409E-01   8.08756529E-01
  2.32796375E+00   1.68623257E-01   1.56190542E-01
  2.49671906E+00  -5.37101432E-01  -6.84997323E-01
  2.66983089E+00  -1.30771157E+00  -1.60873307E+00
  2.85609254E+00  -2.07189629E+00  -2.48313437E+00
  3.06659250E+00  -2.74145361E+00  -3.16334682E+00
  3.31634145E+00  -3.20316308E+00  -3.50618728E+00
  3.62611247E+00  -3.30886091E+00  -3.38920383E+00
  4.02246108E+00  -2.87205550E+00  -2.73476695E+00
  4.52921973E+00  -1.70130298E+00  -1.53250998E+00
  5.13996680E+00   2.67409686E-01   1.55834728E-01
The toroidal mode   23
 Perpend. k-vec  Curvature        Coriolis
  6.22974632E+00   7.45615580E-02  -5.99692302E-03
  5.58541220E+00  -2.34404451E+00  -2.09108450E+00
  5.05203890E+00  -3.79428756E+00  -3.59716018E+00
  4.63555892E+00  -4.32480624E+00  -4.41609121E+00
  4.31001553E+00  -4.15498420E+00  -4.53594400E+00
  4.04687650E+00  -3.51133161E+00  -4.04122298E+00
  3.82386453E+00  -2.58076808E+00  -3.08460501E+00
  3.62473826E+00  -1.51107226E+00  -1.85446344E+00
  3.43715438E+00  -4.21588972E-01  -5.48492211E-01
  3.25067159E+00   5.86863001E-01   6.46854340E-01
  3.05513870E+00   1.42557739E+00   1.57450934E+00
  2.83940231E+00   2.01710810E+00   2.12653903E+00
  2.59085945E+00   2.30358506E+00   2.26725121E+00
  2.29851526E+00   2.27107141E+00   2.05660777E+00
  1.96766002E+00   1.99359706E+00   1.65868907E+00
  1.65706739E+00   1.66205963E+00   1.30096519E+00
  1.49809701E+00   1.49427528E+00   1.16283098E+00
  1.56413022E+00   1.53514714E+00   1.26237154E+00
  1.76327693E+00   1.63001721E+00   1.45905506E+00
  1.99023174E+00   1.60302338E+00   1.56088169E+00
  2.20459482E+00   1.36477314E+00   1.42237416E+00
  2.40105900E+00   9.03790262E-01   9.80976658E-01
  2.58500386E+00   2.52072724E-01   2.52472457E-01
  2.76420567E+00  -5.36737612E-01  -6.86521691E-01
  2.94711943E+00  -1.39592362E+00  -1.71643396E+00
  3.14327042E+00  -2.24597780E+00  -2.69022313E+00
  3.36445921E+00  -2.98954448E+00  -3.44769030E+00
  3.62653956E+00  -3.50264924E+00  -3.83177912E+00
  3.95139533E+00  -3.62424456E+00  -3.70972169E+00
  4.36700264E+00  -3.15323336E+00  -2.99960747E+00
  4.89853041E+00  -1.88559459E+00  -1.69476697E+00
  5.53939574E+00   2.42345907E-01   1.32137284E-01
The toroidal mode   24
 Perpend. k-vec  Curvature        Coriolis
  6.36400191E+00   1.14030221E-01   2.34341740E-02
  5.69099583E+00  -2.35200923E+00  -2.10091167E+00
  5.13366651E+00  -3.82890611E+00  -3.63217274E+00
  4.69835539E+00  -4.37074308E+00  -4.46492849E+00
  4.35808136E+00  -4.20357229E+00  -4.59070320E+00
  4.08311875E+00  -3.55873511E+00  -4.09728466E+00
  3.85024607E+00  -2.62608411E+00  -3.14000844E+00
  3.64254788E+00  -1.55499638E+00  -1.90907607E+00
  3.44720819E+00  -4.65513091E-01  -6.03104840E-01
  3.25345957E+00   5.41546976E-01   5.91450916E-01
  3.05096217E+00   1.37817389E+00   1.51844767E+00
  2.82859230E+00   1.96852001E+00   2.07177983E+00
  2.57430763E+00   2.25764822E+00   2.21841394E+00
  2.27916886E+00   2.23645286E+00   2.02159522E+00
  1.95454295E+00   1.98563235E+00   1.64886190E+00
  1.67253901E+00   1.70152829E+00   1.33039629E+00
  1.57311582E+00   1.59827639E+00   1.24539062E+00
  1.70391826E+00   1.70350932E+00   1.40497419E+00
  1.94831621E+00   1.84195797E+00   1.65387047E+00
  2.20382497E+00   1.82653334E+00   1.78372500E+00
  2.43740181E+00   1.56708311E+00   1.63844760E+00
  2.64808734E+00   1.05707411E+00   1.15319679E+00
  2.84355456E+00   3.35522190E-01   3.48754373E-01
  3.03288479E+00  -5.36373793E-01  -6.88046058E-01
  3.22539144E+00  -1.48413568E+00  -1.82413485E+00
  3.43128724E+00  -2.42005932E+00  -2.89731189E+00
  3.66305924E+00  -3.23763534E+00  -3.73203378E+00
  3.93738754E+00  -3.80213539E+00  -4.15737097E+00
  4.27725371E+00  -3.93962820E+00  -4.03023955E+00
  4.71204278E+00  -3.43441121E+00  -3.26444799E+00
  5.26825160E+00  -2.06988620E+00  -1.85702396E+00
  5.93913751E+00   2.17282128E-01   1.08439840E-01
The toroidal mode   25
 Perpend. k-vec  Curvature        Coriolis
  6.49846282E+00   1.53498885E-01   5.28652710E-02
  5.79683986E+00  -2.35997394E+00  -2.11073884E+00
  5.21559920E+00  -3.86352465E+00  -3.66718529E+00
  4.76149195E+00  -4.41667993E+00  -4.51376576E+00
  4.40651899E+00  -4.25216038E+00  -4.64546241E+00
  4.11976809E+00  -3.60613862E+00  -4.15334633E+00
  3.87708031E+00  -2.67140013E+00  -3.19541186E+00
  3.66087379E+00  -1.59892050E+00  -1.96368870E+00
  3.45787112E+00  -5.09437210E-01  -6.57717468E-01
  3.25699777E+00   4.96230952E-01   5.36047492E-01
  3.04776129E+00   1.33077038E+00   1.46238600E+00
  2.81914179E+00   1.91993192E+00   2.01702063E+00
  2.55982270E+00   2.21171137E+00   2.16957666E+00
  2.26330671E+00   2.20183431E+00   1.98658266E+00
  1.94784623E+00   1.97766763E+00   1.63903473E+00
  1.69929950E+00   1.74099696E+00   1.35982738E+00
  1.66173027E+00   1.70227749E+00   1.32795026E+00
  1.85346100E+00   1.87187150E+00   1.54757684E+00
  2.13898336E+00   2.05389873E+00   1.84868588E+00
  2.42074355E+00   2.05004329E+00   2.00656831E+00
  2.67235304E+00   1.76939308E+00   1.85452104E+00
  2.89662091E+00   1.21035797E+00   1.32541691E+00
  3.10323830E+00   4.18971657E-01   4.45036288E-01
  3.30246538E+00  -5.36009973E-01  -6.89570425E-01
  3.50441264E+00  -1.57234774E+00  -1.93183574E+00
  3.71994814E+00  -2.59414084E+00  -3.10440066E+00
  3.96222680E+00  -3.48572620E+00  -4.01637725E+00
  4.24874277E+00  -4.10162155E+00  -4.48296282E+00
  4.60356540E+00  -4.25501185E+00  -4.35075741E+00
  5.05747945E+00  -3.71558907E+00  -3.52928851E+00
  5.63830253E+00  -2.25417781E+00  -2.01928095E+00
  6.33913293E+00   1.92218350E-01   8.47423957E-02
The toroidal mode   26
 Perpend. k-vec  Curvature        Coriolis
  6.63311657E+00   1.92967548E-01   8.22963680E-02
  5.90293026E+00  -2.36793866E+00  -2.12056601E+00
  5.29782280E+00  -3.89814320E+00  -3.70219785E+00
  4.82495526E+00  -4.46261677E+00  -4.56260303E+00
  4.45531627E+00  -4.30074848E+00  -4.70022161E+00
  4.15681375E+00  -3.65354212E+00  -4.20940801E+00
  3.90435789E+00  -2.71671616E+00  -3.25081529E+00
  3.67970828E+00  -1.64284462E+00  -2.01830133E+00
  3.46913754E+00  -5.53361329E-01  -7.12330096E-01
  3.26128376E+00   4.50914927E-01   4.80644067E-01
  3.04553914E+00   1.28336688E+00   1.40632432E+00
  2.81106448E+00   1.87134382E+00   1.96226142E+00
  2.54743993E+00   2.16577453E+00   2.12073939E+00
  2.25100248E+00   2.16721576E+00   1.95157011E+00
  1.94763608E+00   1.96970292E+00   1.62920756E+00
  1.73682715E+00   1.78046562E+00   1.38925848E+00
The toroidal mode   27
 Perpend. k-vec  Curvature        Coriolis
  6.76795165E+00   2.32436211E-01   1.11727465E-01
  6.00925399E+00  -2.37590337E+00  -2.13039318E+00
  5.38032399E+00  -3.93276175E+00  -3.73721040E+00
  4.88873259E+00  -4.50855362E+00  -4.61144030E+00
  4.50446152E+00  -4.34933657E+00  -4.75498081E+00
  4.19424523E+00  -3.70094563E+00  -4.26546968E+00
  3.93206961E+00  -2.76203218E+00  -3.30621871E+00
  3.69904358E+00  -1.68676874E+00  -2.07291395E+00
  3.48100160E+00  -5.97285448E-01  -7.66942725E-01
  3.26631460E+00   4.05598902E-01   4.25240643E-01
  3.04429786E+00   1.23596337E+00   1.35026265E+00
  2.80437225E+00   1.82275573E+00   1.90750222E+00
  2.53719009E+00   2.11983768E+00   2.07190212E+00
  2.24231472E+00   2.13259722E+00   1.91655755E+00
  1.95391459E+00   1.96173820E+00   1.61938039E+00
  1.78444276E+00   1.81993428E+00   1.41868958E+00
The toroidal mode   28
 Perpend. k-vec  Curvature        Coriolis
  6.90295744E+00   2.71904875E-01   1.41158562E-01
  6.11579889E+00  -2.38386809E+00  -2.14022034E+00
  5.46309017E+00  -3.96738030E+00  -3.77222296E+00
  4.95281181E+00  -4.55449046E+00  -4.66027758E+00
  4.55394348E+00  -4.39792466E+00  -4.80974002E+00
  4.23205229E+00  -3.74834913E+00  -4.32153135E+00
  3.96020633E+00  -2.80734820E+00  -3.36162213E+00
  3.71887188E+00  -1.73069286E+00  -2.12752658E+00
  3.49345721E+00  -6.41209567E-01  -8.21555353E-01
  3.27208684E+00   3.60282878E-01   3.69837218E-01
  3.04403866E+00   1.18855987E+00   1.29420097E+00
  2.79907501E+00   1.77416764E+00   1.85274302E+00
  2.52909911E+00   2.07390084E+00   2.02306485E+00
  2.23728558E+00   2.09797867E+00   1.88154500E+00
  1.96661963E+00   1.95377349E+00   1.60955322E+00
  1.84136391E+00   1.85940295E+00   1.44812068E+00
The toroidal mode   29
 Perpend. k-vec  Curvature        Coriolis
  7.03812410E+00   3.11373538E-01   1.70589659E-01
  6.22255359E+00  -2.39183280E+00  -2.15004751E+00
  5.54610950E+00  -4.00199885E+00  -3.80723551E+00
  5.01718135E+00  -4.60042731E+00  -4.70911485E+00
  4.60375129E+00  -4.44651275E+00  -4.86449922E+00
  4.27022496E+00  -3.79575264E+00  -4.37759303E+00
  3.98875907E+00  -2.85266423E+00  -3.41702556E+00
  3.73918534E+00  -1.77461698E+00  -2.18213921E+00
  3.50649806E+00  -6.85133686E-01  -8.76167982E-01
  3.27859657E+00   3.14966853E-01   3.14433794E-01
  3.04476177E+00   1.14115636E+00   1.23813930E+00
  2.79518072E+00   1.72557954E+00   1.79798381E+00
  2.52318777E+00   2.02796399E+00   1.97422757E+00
  2.23593974E+00   2.06336012E+00   1.84653244E+00
  1.98562783E+00   1.94580877E+00   1.59972605E+00
  1.90675741E+00   1.89887161E+00   1.47755177E+00
The toroidal mode   30
 Perpend. k-vec  Curvature        Coriolis
  7.17344255E+00   3.50842201E-01   2.00020756E-01
  6.32950747E+00  -2.39979752E+00  -2.15987468E+00
  5.62937076E+00  -4.03661740E+00  -3.84224807E+00
  5.08183018E+00  -4.64636415E+00  -4.75795212E+00
  4.65387448E+00  -4.49510085E+00  -4.91925842E+00
  4.30875351E+00  -3.84315614E+00  -4.43365470E+00
  4.01771895E+00  -2.89798025E+00  -3.47242898E+00
  3.75997608E+00  -1.81854110E+00  -2.23675184E+00
  3.52011766E+00  -7.29057805E-01  -9.30780610E-01
  3.28583940E+00   2.69650829E-01   2.59030370E-01
  3.04646651E+00   1.09375286E+00   1.18207763E+00
  2.79269523E+00   1.67699145E+00   1.74322461E+00
  2.51947140E+00   1.98202715E+00   1.92539030E+00
  2.23828384E+00   2.02874157E+00   1.81151989E+00
  2.01076045E+00   1.93784406E+00   1.58989889E+00
  1.97978390E+00   1.93834027E+00   1.50698287E+00
The toroidal mode   31
 Perpend. k-vec  Curvature        Coriolis
  7.30890435E+00   3.90310865E-01   2.29451853E-01
  6.43665061E+00  -2.40776223E+00  -2.16970185E+00
  5.71286339E+00  -4.07123595E+00  -3.87726062E+00
  5.14674779E+00  -4.69230100E+00  -4.80678939E+00
  4.70430298E+00  -4.54368894E+00  -4.97401763E+00
  4.34762849E+00  -3.89055964E+00  -4.48971637E+00
  4.04707725E+00  -2.94329628E+00  -3.52783241E+00
  3.78123625E+00  -1.86246522E+00  -2.29136447E+00
  3.53430930E+00  -7.72981924E-01  -9.85393239E-01
  3.29381051E+00   2.24334804E-01   2.03626945E-01
  3.04915122E+00   1.04634935E+00   1.12601595E+00
  2.79162231E+00   1.62840336E+00   1.68846540E+00
  2.51795972E+00   1.93609030E+00   1.87655303E+00
  2.24430633E+00   1.99412302E+00   1.77650733E+00
  2.04179133E+00   1.92987934E+00   1.58007172E+00
  2.05963162E+00   1.97780894E+00   1.53641397E+00
