           1  0.855980157852173     
           2  0.863620042800903     
           3  0.866992235183716     
           4  0.836078643798828     
           5  0.866626262664795     
           6  0.876688241958618     
           7  0.861251592636108     
           8  0.854998111724854     
           9  0.855904817581177     
          10  0.871375560760498     
          11  0.849313020706177     
          12  0.874256849288940     
          13  0.871889591217041     
          14  0.852628707885742     
          15  0.864282369613647     
          16  0.841689586639404     
          17  0.859087705612183     
          18  0.834495544433594     
          19  0.875466585159302     
          20  0.842479228973389     
          21  0.880162477493286     
          22  0.859925031661987     
          23  0.857265710830688     
          24  0.826777458190918     
          25  0.878097534179688     
          26  0.833378314971924     
          27  0.835994243621826     
          28  0.865127801895142     
          29  0.908110380172729     
