shat:   0.78  q:   1.40  eps:   0.19  ikxspace:    5
 imod, kxrh(ix), ix, ixplus(imod,ix), ixminus(imod,ix)
     1 -3.377592     1     1     1
     1 -3.295212     2     2     2
     1 -3.212831     3     3     3
     1 -3.130451     4     4     4
     1 -3.048071     5     5     5
     1 -2.965691     6     6     6
     1 -2.883310     7     7     7
     1 -2.800930     8     8     8
     1 -2.718550     9     9     9
     1 -2.636169    10    10    10
     1 -2.553789    11    11    11
     1 -2.471409    12    12    12
     1 -2.389029    13    13    13
     1 -2.306648    14    14    14
     1 -2.224268    15    15    15
     1 -2.141888    16    16    16
     1 -2.059507    17    17    17
     1 -1.977127    18    18    18
     1 -1.894747    19    19    19
     1 -1.812366    20    20    20
     1 -1.729986    21    21    21
     1 -1.647606    22    22    22
     1 -1.565226    23    23    23
     1 -1.482845    24    24    24
     1 -1.400465    25    25    25
     1 -1.318085    26    26    26
     1 -1.235704    27    27    27
     1 -1.153324    28    28    28
     1 -1.070944    29    29    29
     1 -0.988564    30    30    30
     1 -0.906183    31    31    31
     1 -0.823803    32    32    32
     1 -0.741423    33    33    33
     1 -0.659042    34    34    34
     1 -0.576662    35    35    35
     1 -0.494282    36    36    36
     1 -0.411901    37    37    37
     1 -0.329521    38    38    38
     1 -0.247141    39    39    39
     1 -0.164761    40    40    40
     1 -0.082380    41    41    41
     1 -0.000000    42    42    42
     1  0.082380    43    43    43
     1  0.164761    44    44    44
     1  0.247141    45    45    45
     1  0.329521    46    46    46
     1  0.411901    47    47    47
     1  0.494282    48    48    48
     1  0.576662    49    49    49
     1  0.659042    50    50    50
     1  0.741423    51    51    51
     1  0.823803    52    52    52
     1  0.906183    53    53    53
     1  0.988564    54    54    54
     1  1.070944    55    55    55
     1  1.153324    56    56    56
     1  1.235704    57    57    57
     1  1.318085    58    58    58
     1  1.400465    59    59    59
     1  1.482845    60    60    60
     1  1.565226    61    61    61
     1  1.647606    62    62    62
     1  1.729986    63    63    63
     1  1.812366    64    64    64
     1  1.894747    65    65    65
     1  1.977127    66    66    66
     1  2.059507    67    67    67
     1  2.141888    68    68    68
     1  2.224268    69    69    69
     1  2.306648    70    70    70
     1  2.389029    71    71    71
     1  2.471409    72    72    72
     1  2.553789    73    73    73
     1  2.636169    74    74    74
     1  2.718550    75    75    75
     1  2.800930    76    76    76
     1  2.883310    77    77    77
     1  2.965691    78    78    78
     1  3.048071    79    79    79
     1  3.130451    80    80    80
     1  3.212831    81    81    81
     1  3.295212    82    82    82
     1  3.377592    83    83    83
     2 -3.377592     1     6     0
     2 -3.295212     2     7     0
     2 -3.212831     3     8     0
     2 -3.130451     4     9     0
     2 -3.048071     5    10     0
     2 -2.965691     6    11     1
     2 -2.883310     7    12     2
     2 -2.800930     8    13     3
     2 -2.718550     9    14     4
     2 -2.636169    10    15     5
     2 -2.553789    11    16     6
     2 -2.471409    12    17     7
     2 -2.389029    13    18     8
     2 -2.306648    14    19     9
     2 -2.224268    15    20    10
     2 -2.141888    16    21    11
     2 -2.059507    17    22    12
     2 -1.977127    18    23    13
     2 -1.894747    19    24    14
     2 -1.812366    20    25    15
     2 -1.729986    21    26    16
     2 -1.647606    22    27    17
     2 -1.565226    23    28    18
     2 -1.482845    24    29    19
     2 -1.400465    25    30    20
     2 -1.318085    26    31    21
     2 -1.235704    27    32    22
     2 -1.153324    28    33    23
     2 -1.070944    29    34    24
     2 -0.988564    30    35    25
     2 -0.906183    31    36    26
     2 -0.823803    32    37    27
     2 -0.741423    33    38    28
     2 -0.659042    34    39    29
     2 -0.576662    35    40    30
     2 -0.494282    36    41    31
     2 -0.411901    37    42    32
     2 -0.329521    38    43    33
     2 -0.247141    39    44    34
     2 -0.164761    40    45    35
     2 -0.082380    41    46    36
     2 -0.000000    42    47    37
     2  0.082380    43    48    38
     2  0.164761    44    49    39
     2  0.247141    45    50    40
     2  0.329521    46    51    41
     2  0.411901    47    52    42
     2  0.494282    48    53    43
     2  0.576662    49    54    44
     2  0.659042    50    55    45
     2  0.741423    51    56    46
     2  0.823803    52    57    47
     2  0.906183    53    58    48
     2  0.988564    54    59    49
     2  1.070944    55    60    50
     2  1.153324    56    61    51
     2  1.235704    57    62    52
     2  1.318085    58    63    53
     2  1.400465    59    64    54
     2  1.482845    60    65    55
     2  1.565226    61    66    56
     2  1.647606    62    67    57
     2  1.729986    63    68    58
     2  1.812366    64    69    59
     2  1.894747    65    70    60
     2  1.977127    66    71    61
     2  2.059507    67    72    62
     2  2.141888    68    73    63
     2  2.224268    69    74    64
     2  2.306648    70    75    65
     2  2.389029    71    76    66
     2  2.471409    72    77    67
     2  2.553789    73    78    68
     2  2.636169    74    79    69
     2  2.718550    75    80    70
     2  2.800930    76    81    71
     2  2.883310    77    82    72
     2  2.965691    78    83    73
     2  3.048071    79     0    74
     2  3.130451    80     0    75
     2  3.212831    81     0    76
     2  3.295212    82     0    77
     2  3.377592    83     0    78
     3 -3.377592     1    11     0
     3 -3.295212     2    12     0
     3 -3.212831     3    13     0
     3 -3.130451     4    14     0
     3 -3.048071     5    15     0
     3 -2.965691     6    16     0
     3 -2.883310     7    17     0
     3 -2.800930     8    18     0
     3 -2.718550     9    19     0
     3 -2.636169    10    20     0
     3 -2.553789    11    21     1
     3 -2.471409    12    22     2
     3 -2.389029    13    23     3
     3 -2.306648    14    24     4
     3 -2.224268    15    25     5
     3 -2.141888    16    26     6
     3 -2.059507    17    27     7
     3 -1.977127    18    28     8
     3 -1.894747    19    29     9
     3 -1.812366    20    30    10
     3 -1.729986    21    31    11
     3 -1.647606    22    32    12
     3 -1.565226    23    33    13
     3 -1.482845    24    34    14
     3 -1.400465    25    35    15
     3 -1.318085    26    36    16
     3 -1.235704    27    37    17
     3 -1.153324    28    38    18
     3 -1.070944    29    39    19
     3 -0.988564    30    40    20
     3 -0.906183    31    41    21
     3 -0.823803    32    42    22
     3 -0.741423    33    43    23
     3 -0.659042    34    44    24
     3 -0.576662    35    45    25
     3 -0.494282    36    46    26
     3 -0.411901    37    47    27
     3 -0.329521    38    48    28
     3 -0.247141    39    49    29
     3 -0.164761    40    50    30
     3 -0.082380    41    51    31
     3 -0.000000    42    52    32
     3  0.082380    43    53    33
     3  0.164761    44    54    34
     3  0.247141    45    55    35
     3  0.329521    46    56    36
     3  0.411901    47    57    37
     3  0.494282    48    58    38
     3  0.576662    49    59    39
     3  0.659042    50    60    40
     3  0.741423    51    61    41
     3  0.823803    52    62    42
     3  0.906183    53    63    43
     3  0.988564    54    64    44
     3  1.070944    55    65    45
     3  1.153324    56    66    46
     3  1.235704    57    67    47
     3  1.318085    58    68    48
     3  1.400465    59    69    49
     3  1.482845    60    70    50
     3  1.565226    61    71    51
     3  1.647606    62    72    52
     3  1.729986    63    73    53
     3  1.812366    64    74    54
     3  1.894747    65    75    55
     3  1.977127    66    76    56
     3  2.059507    67    77    57
     3  2.141888    68    78    58
     3  2.224268    69    79    59
     3  2.306648    70    80    60
     3  2.389029    71    81    61
     3  2.471409    72    82    62
     3  2.553789    73    83    63
     3  2.636169    74     0    64
     3  2.718550    75     0    65
     3  2.800930    76     0    66
     3  2.883310    77     0    67
     3  2.965691    78     0    68
     3  3.048071    79     0    69
     3  3.130451    80     0    70
     3  3.212831    81     0    71
     3  3.295212    82     0    72
     3  3.377592    83     0    73
     4 -3.377592     1    16     0
     4 -3.295212     2    17     0
     4 -3.212831     3    18     0
     4 -3.130451     4    19     0
     4 -3.048071     5    20     0
     4 -2.965691     6    21     0
     4 -2.883310     7    22     0
     4 -2.800930     8    23     0
     4 -2.718550     9    24     0
     4 -2.636169    10    25     0
     4 -2.553789    11    26     0
     4 -2.471409    12    27     0
     4 -2.389029    13    28     0
     4 -2.306648    14    29     0
     4 -2.224268    15    30     0
     4 -2.141888    16    31     1
     4 -2.059507    17    32     2
     4 -1.977127    18    33     3
     4 -1.894747    19    34     4
     4 -1.812366    20    35     5
     4 -1.729986    21    36     6
     4 -1.647606    22    37     7
     4 -1.565226    23    38     8
     4 -1.482845    24    39     9
     4 -1.400465    25    40    10
     4 -1.318085    26    41    11
     4 -1.235704    27    42    12
     4 -1.153324    28    43    13
     4 -1.070944    29    44    14
     4 -0.988564    30    45    15
     4 -0.906183    31    46    16
     4 -0.823803    32    47    17
     4 -0.741423    33    48    18
     4 -0.659042    34    49    19
     4 -0.576662    35    50    20
     4 -0.494282    36    51    21
     4 -0.411901    37    52    22
     4 -0.329521    38    53    23
     4 -0.247141    39    54    24
     4 -0.164761    40    55    25
     4 -0.082380    41    56    26
     4 -0.000000    42    57    27
     4  0.082380    43    58    28
     4  0.164761    44    59    29
     4  0.247141    45    60    30
     4  0.329521    46    61    31
     4  0.411901    47    62    32
     4  0.494282    48    63    33
     4  0.576662    49    64    34
     4  0.659042    50    65    35
     4  0.741423    51    66    36
     4  0.823803    52    67    37
     4  0.906183    53    68    38
     4  0.988564    54    69    39
     4  1.070944    55    70    40
     4  1.153324    56    71    41
     4  1.235704    57    72    42
     4  1.318085    58    73    43
     4  1.400465    59    74    44
     4  1.482845    60    75    45
     4  1.565226    61    76    46
     4  1.647606    62    77    47
     4  1.729986    63    78    48
     4  1.812366    64    79    49
     4  1.894747    65    80    50
     4  1.977127    66    81    51
     4  2.059507    67    82    52
     4  2.141888    68    83    53
     4  2.224268    69     0    54
     4  2.306648    70     0    55
     4  2.389029    71     0    56
     4  2.471409    72     0    57
     4  2.553789    73     0    58
     4  2.636169    74     0    59
     4  2.718550    75     0    60
     4  2.800930    76     0    61
     4  2.883310    77     0    62
     4  2.965691    78     0    63
     4  3.048071    79     0    64
     4  3.130451    80     0    65
     4  3.212831    81     0    66
     4  3.295212    82     0    67
     4  3.377592    83     0    68
     5 -3.377592     1    21     0
     5 -3.295212     2    22     0
     5 -3.212831     3    23     0
     5 -3.130451     4    24     0
     5 -3.048071     5    25     0
     5 -2.965691     6    26     0
     5 -2.883310     7    27     0
     5 -2.800930     8    28     0
     5 -2.718550     9    29     0
     5 -2.636169    10    30     0
     5 -2.553789    11    31     0
     5 -2.471409    12    32     0
     5 -2.389029    13    33     0
     5 -2.306648    14    34     0
     5 -2.224268    15    35     0
     5 -2.141888    16    36     0
     5 -2.059507    17    37     0
     5 -1.977127    18    38     0
     5 -1.894747    19    39     0
     5 -1.812366    20    40     0
     5 -1.729986    21    41     1
     5 -1.647606    22    42     2
     5 -1.565226    23    43     3
     5 -1.482845    24    44     4
     5 -1.400465    25    45     5
     5 -1.318085    26    46     6
     5 -1.235704    27    47     7
     5 -1.153324    28    48     8
     5 -1.070944    29    49     9
     5 -0.988564    30    50    10
     5 -0.906183    31    51    11
     5 -0.823803    32    52    12
     5 -0.741423    33    53    13
     5 -0.659042    34    54    14
     5 -0.576662    35    55    15
     5 -0.494282    36    56    16
     5 -0.411901    37    57    17
     5 -0.329521    38    58    18
     5 -0.247141    39    59    19
     5 -0.164761    40    60    20
     5 -0.082380    41    61    21
     5 -0.000000    42    62    22
     5  0.082380    43    63    23
     5  0.164761    44    64    24
     5  0.247141    45    65    25
     5  0.329521    46    66    26
     5  0.411901    47    67    27
     5  0.494282    48    68    28
     5  0.576662    49    69    29
     5  0.659042    50    70    30
     5  0.741423    51    71    31
     5  0.823803    52    72    32
     5  0.906183    53    73    33
     5  0.988564    54    74    34
     5  1.070944    55    75    35
     5  1.153324    56    76    36
     5  1.235704    57    77    37
     5  1.318085    58    78    38
     5  1.400465    59    79    39
     5  1.482845    60    80    40
     5  1.565226    61    81    41
     5  1.647606    62    82    42
     5  1.729986    63    83    43
     5  1.812366    64     0    44
     5  1.894747    65     0    45
     5  1.977127    66     0    46
     5  2.059507    67     0    47
     5  2.141888    68     0    48
     5  2.224268    69     0    49
     5  2.306648    70     0    50
     5  2.389029    71     0    51
     5  2.471409    72     0    52
     5  2.553789    73     0    53
     5  2.636169    74     0    54
     5  2.718550    75     0    55
     5  2.800930    76     0    56
     5  2.883310    77     0    57
     5  2.965691    78     0    58
     5  3.048071    79     0    59
     5  3.130451    80     0    60
     5  3.212831    81     0    61
     5  3.295212    82     0    62
     5  3.377592    83     0    63
     6 -3.377592     1    26     0
     6 -3.295212     2    27     0
     6 -3.212831     3    28     0
     6 -3.130451     4    29     0
     6 -3.048071     5    30     0
     6 -2.965691     6    31     0
     6 -2.883310     7    32     0
     6 -2.800930     8    33     0
     6 -2.718550     9    34     0
     6 -2.636169    10    35     0
     6 -2.553789    11    36     0
     6 -2.471409    12    37     0
     6 -2.389029    13    38     0
     6 -2.306648    14    39     0
     6 -2.224268    15    40     0
     6 -2.141888    16    41     0
     6 -2.059507    17    42     0
     6 -1.977127    18    43     0
     6 -1.894747    19    44     0
     6 -1.812366    20    45     0
     6 -1.729986    21    46     0
     6 -1.647606    22    47     0
     6 -1.565226    23    48     0
     6 -1.482845    24    49     0
     6 -1.400465    25    50     0
     6 -1.318085    26    51     1
     6 -1.235704    27    52     2
     6 -1.153324    28    53     3
     6 -1.070944    29    54     4
     6 -0.988564    30    55     5
     6 -0.906183    31    56     6
     6 -0.823803    32    57     7
     6 -0.741423    33    58     8
     6 -0.659042    34    59     9
     6 -0.576662    35    60    10
     6 -0.494282    36    61    11
     6 -0.411901    37    62    12
     6 -0.329521    38    63    13
     6 -0.247141    39    64    14
     6 -0.164761    40    65    15
     6 -0.082380    41    66    16
     6 -0.000000    42    67    17
     6  0.082380    43    68    18
     6  0.164761    44    69    19
     6  0.247141    45    70    20
     6  0.329521    46    71    21
     6  0.411901    47    72    22
     6  0.494282    48    73    23
     6  0.576662    49    74    24
     6  0.659042    50    75    25
     6  0.741423    51    76    26
     6  0.823803    52    77    27
     6  0.906183    53    78    28
     6  0.988564    54    79    29
     6  1.070944    55    80    30
     6  1.153324    56    81    31
     6  1.235704    57    82    32
     6  1.318085    58    83    33
     6  1.400465    59     0    34
     6  1.482845    60     0    35
     6  1.565226    61     0    36
     6  1.647606    62     0    37
     6  1.729986    63     0    38
     6  1.812366    64     0    39
     6  1.894747    65     0    40
     6  1.977127    66     0    41
     6  2.059507    67     0    42
     6  2.141888    68     0    43
     6  2.224268    69     0    44
     6  2.306648    70     0    45
     6  2.389029    71     0    46
     6  2.471409    72     0    47
     6  2.553789    73     0    48
     6  2.636169    74     0    49
     6  2.718550    75     0    50
     6  2.800930    76     0    51
     6  2.883310    77     0    52
     6  2.965691    78     0    53
     6  3.048071    79     0    54
     6  3.130451    80     0    55
     6  3.212831    81     0    56
     6  3.295212    82     0    57
     6  3.377592    83     0    58
     7 -3.377592     1    31     0
     7 -3.295212     2    32     0
     7 -3.212831     3    33     0
     7 -3.130451     4    34     0
     7 -3.048071     5    35     0
     7 -2.965691     6    36     0
     7 -2.883310     7    37     0
     7 -2.800930     8    38     0
     7 -2.718550     9    39     0
     7 -2.636169    10    40     0
     7 -2.553789    11    41     0
     7 -2.471409    12    42     0
     7 -2.389029    13    43     0
     7 -2.306648    14    44     0
     7 -2.224268    15    45     0
     7 -2.141888    16    46     0
     7 -2.059507    17    47     0
     7 -1.977127    18    48     0
     7 -1.894747    19    49     0
     7 -1.812366    20    50     0
     7 -1.729986    21    51     0
     7 -1.647606    22    52     0
     7 -1.565226    23    53     0
     7 -1.482845    24    54     0
     7 -1.400465    25    55     0
     7 -1.318085    26    56     0
     7 -1.235704    27    57     0
     7 -1.153324    28    58     0
     7 -1.070944    29    59     0
     7 -0.988564    30    60     0
     7 -0.906183    31    61     1
     7 -0.823803    32    62     2
     7 -0.741423    33    63     3
     7 -0.659042    34    64     4
     7 -0.576662    35    65     5
     7 -0.494282    36    66     6
     7 -0.411901    37    67     7
     7 -0.329521    38    68     8
     7 -0.247141    39    69     9
     7 -0.164761    40    70    10
     7 -0.082380    41    71    11
     7 -0.000000    42    72    12
     7  0.082380    43    73    13
     7  0.164761    44    74    14
     7  0.247141    45    75    15
     7  0.329521    46    76    16
     7  0.411901    47    77    17
     7  0.494282    48    78    18
     7  0.576662    49    79    19
     7  0.659042    50    80    20
     7  0.741423    51    81    21
     7  0.823803    52    82    22
     7  0.906183    53    83    23
     7  0.988564    54     0    24
     7  1.070944    55     0    25
     7  1.153324    56     0    26
     7  1.235704    57     0    27
     7  1.318085    58     0    28
     7  1.400465    59     0    29
     7  1.482845    60     0    30
     7  1.565226    61     0    31
     7  1.647606    62     0    32
     7  1.729986    63     0    33
     7  1.812366    64     0    34
     7  1.894747    65     0    35
     7  1.977127    66     0    36
     7  2.059507    67     0    37
     7  2.141888    68     0    38
     7  2.224268    69     0    39
     7  2.306648    70     0    40
     7  2.389029    71     0    41
     7  2.471409    72     0    42
     7  2.553789    73     0    43
     7  2.636169    74     0    44
     7  2.718550    75     0    45
     7  2.800930    76     0    46
     7  2.883310    77     0    47
     7  2.965691    78     0    48
     7  3.048071    79     0    49
     7  3.130451    80     0    50
     7  3.212831    81     0    51
     7  3.295212    82     0    52
     7  3.377592    83     0    53
     8 -3.377592     1    36     0
     8 -3.295212     2    37     0
     8 -3.212831     3    38     0
     8 -3.130451     4    39     0
     8 -3.048071     5    40     0
     8 -2.965691     6    41     0
     8 -2.883310     7    42     0
     8 -2.800930     8    43     0
     8 -2.718550     9    44     0
     8 -2.636169    10    45     0
     8 -2.553789    11    46     0
     8 -2.471409    12    47     0
     8 -2.389029    13    48     0
     8 -2.306648    14    49     0
     8 -2.224268    15    50     0
     8 -2.141888    16    51     0
     8 -2.059507    17    52     0
     8 -1.977127    18    53     0
     8 -1.894747    19    54     0
     8 -1.812366    20    55     0
     8 -1.729986    21    56     0
     8 -1.647606    22    57     0
     8 -1.565226    23    58     0
     8 -1.482845    24    59     0
     8 -1.400465    25    60     0
     8 -1.318085    26    61     0
     8 -1.235704    27    62     0
     8 -1.153324    28    63     0
     8 -1.070944    29    64     0
     8 -0.988564    30    65     0
     8 -0.906183    31    66     0
     8 -0.823803    32    67     0
     8 -0.741423    33    68     0
     8 -0.659042    34    69     0
     8 -0.576662    35    70     0
     8 -0.494282    36    71     1
     8 -0.411901    37    72     2
     8 -0.329521    38    73     3
     8 -0.247141    39    74     4
     8 -0.164761    40    75     5
     8 -0.082380    41    76     6
     8 -0.000000    42    77     7
     8  0.082380    43    78     8
     8  0.164761    44    79     9
     8  0.247141    45    80    10
     8  0.329521    46    81    11
     8  0.411901    47    82    12
     8  0.494282    48    83    13
     8  0.576662    49     0    14
     8  0.659042    50     0    15
     8  0.741423    51     0    16
     8  0.823803    52     0    17
     8  0.906183    53     0    18
     8  0.988564    54     0    19
     8  1.070944    55     0    20
     8  1.153324    56     0    21
     8  1.235704    57     0    22
     8  1.318085    58     0    23
     8  1.400465    59     0    24
     8  1.482845    60     0    25
     8  1.565226    61     0    26
     8  1.647606    62     0    27
     8  1.729986    63     0    28
     8  1.812366    64     0    29
     8  1.894747    65     0    30
     8  1.977127    66     0    31
     8  2.059507    67     0    32
     8  2.141888    68     0    33
     8  2.224268    69     0    34
     8  2.306648    70     0    35
     8  2.389029    71     0    36
     8  2.471409    72     0    37
     8  2.553789    73     0    38
     8  2.636169    74     0    39
     8  2.718550    75     0    40
     8  2.800930    76     0    41
     8  2.883310    77     0    42
     8  2.965691    78     0    43
     8  3.048071    79     0    44
     8  3.130451    80     0    45
     8  3.212831    81     0    46
     8  3.295212    82     0    47
     8  3.377592    83     0    48
     9 -3.377592     1    41     0
     9 -3.295212     2    42     0
     9 -3.212831     3    43     0
     9 -3.130451     4    44     0
     9 -3.048071     5    45     0
     9 -2.965691     6    46     0
     9 -2.883310     7    47     0
     9 -2.800930     8    48     0
     9 -2.718550     9    49     0
     9 -2.636169    10    50     0
     9 -2.553789    11    51     0
     9 -2.471409    12    52     0
     9 -2.389029    13    53     0
     9 -2.306648    14    54     0
     9 -2.224268    15    55     0
     9 -2.141888    16    56     0
     9 -2.059507    17    57     0
     9 -1.977127    18    58     0
     9 -1.894747    19    59     0
     9 -1.812366    20    60     0
     9 -1.729986    21    61     0
     9 -1.647606    22    62     0
     9 -1.565226    23    63     0
     9 -1.482845    24    64     0
     9 -1.400465    25    65     0
     9 -1.318085    26    66     0
     9 -1.235704    27    67     0
     9 -1.153324    28    68     0
     9 -1.070944    29    69     0
     9 -0.988564    30    70     0
     9 -0.906183    31    71     0
     9 -0.823803    32    72     0
     9 -0.741423    33    73     0
     9 -0.659042    34    74     0
     9 -0.576662    35    75     0
     9 -0.494282    36    76     0
     9 -0.411901    37    77     0
     9 -0.329521    38    78     0
     9 -0.247141    39    79     0
     9 -0.164761    40    80     0
     9 -0.082380    41    81     1
     9 -0.000000    42    82     2
     9  0.082380    43    83     3
     9  0.164761    44     0     4
     9  0.247141    45     0     5
     9  0.329521    46     0     6
     9  0.411901    47     0     7
     9  0.494282    48     0     8
     9  0.576662    49     0     9
     9  0.659042    50     0    10
     9  0.741423    51     0    11
     9  0.823803    52     0    12
     9  0.906183    53     0    13
     9  0.988564    54     0    14
     9  1.070944    55     0    15
     9  1.153324    56     0    16
     9  1.235704    57     0    17
     9  1.318085    58     0    18
     9  1.400465    59     0    19
     9  1.482845    60     0    20
     9  1.565226    61     0    21
     9  1.647606    62     0    22
     9  1.729986    63     0    23
     9  1.812366    64     0    24
     9  1.894747    65     0    25
     9  1.977127    66     0    26
     9  2.059507    67     0    27
     9  2.141888    68     0    28
     9  2.224268    69     0    29
     9  2.306648    70     0    30
     9  2.389029    71     0    31
     9  2.471409    72     0    32
     9  2.553789    73     0    33
     9  2.636169    74     0    34
     9  2.718550    75     0    35
     9  2.800930    76     0    36
     9  2.883310    77     0    37
     9  2.965691    78     0    38
     9  3.048071    79     0    39
     9  3.130451    80     0    40
     9  3.212831    81     0    41
     9  3.295212    82     0    42
     9  3.377592    83     0    43
    10 -3.377592     1    46     0
    10 -3.295212     2    47     0
    10 -3.212831     3    48     0
    10 -3.130451     4    49     0
    10 -3.048071     5    50     0
    10 -2.965691     6    51     0
    10 -2.883310     7    52     0
    10 -2.800930     8    53     0
    10 -2.718550     9    54     0
    10 -2.636169    10    55     0
    10 -2.553789    11    56     0
    10 -2.471409    12    57     0
    10 -2.389029    13    58     0
    10 -2.306648    14    59     0
    10 -2.224268    15    60     0
    10 -2.141888    16    61     0
    10 -2.059507    17    62     0
    10 -1.977127    18    63     0
    10 -1.894747    19    64     0
    10 -1.812366    20    65     0
    10 -1.729986    21    66     0
    10 -1.647606    22    67     0
    10 -1.565226    23    68     0
    10 -1.482845    24    69     0
    10 -1.400465    25    70     0
    10 -1.318085    26    71     0
    10 -1.235704    27    72     0
    10 -1.153324    28    73     0
    10 -1.070944    29    74     0
    10 -0.988564    30    75     0
    10 -0.906183    31    76     0
    10 -0.823803    32    77     0
    10 -0.741423    33    78     0
    10 -0.659042    34    79     0
    10 -0.576662    35    80     0
    10 -0.494282    36    81     0
    10 -0.411901    37    82     0
    10 -0.329521    38    83     0
    10 -0.247141    39     0     0
    10 -0.164761    40     0     0
    10 -0.082380    41     0     0
    10 -0.000000    42     0     0
    10  0.082380    43     0     0
    10  0.164761    44     0     0
    10  0.247141    45     0     0
    10  0.329521    46     0     1
    10  0.411901    47     0     2
    10  0.494282    48     0     3
    10  0.576662    49     0     4
    10  0.659042    50     0     5
    10  0.741423    51     0     6
    10  0.823803    52     0     7
    10  0.906183    53     0     8
    10  0.988564    54     0     9
    10  1.070944    55     0    10
    10  1.153324    56     0    11
    10  1.235704    57     0    12
    10  1.318085    58     0    13
    10  1.400465    59     0    14
    10  1.482845    60     0    15
    10  1.565226    61     0    16
    10  1.647606    62     0    17
    10  1.729986    63     0    18
    10  1.812366    64     0    19
    10  1.894747    65     0    20
    10  1.977127    66     0    21
    10  2.059507    67     0    22
    10  2.141888    68     0    23
    10  2.224268    69     0    24
    10  2.306648    70     0    25
    10  2.389029    71     0    26
    10  2.471409    72     0    27
    10  2.553789    73     0    28
    10  2.636169    74     0    29
    10  2.718550    75     0    30
    10  2.800930    76     0    31
    10  2.883310    77     0    32
    10  2.965691    78     0    33
    10  3.048071    79     0    34
    10  3.130451    80     0    35
    10  3.212831    81     0    36
    10  3.295212    82     0    37
    10  3.377592    83     0    38
    11 -3.377592     1    51     0
    11 -3.295212     2    52     0
    11 -3.212831     3    53     0
    11 -3.130451     4    54     0
    11 -3.048071     5    55     0
    11 -2.965691     6    56     0
    11 -2.883310     7    57     0
    11 -2.800930     8    58     0
    11 -2.718550     9    59     0
    11 -2.636169    10    60     0
    11 -2.553789    11    61     0
    11 -2.471409    12    62     0
    11 -2.389029    13    63     0
    11 -2.306648    14    64     0
    11 -2.224268    15    65     0
    11 -2.141888    16    66     0
    11 -2.059507    17    67     0
    11 -1.977127    18    68     0
    11 -1.894747    19    69     0
    11 -1.812366    20    70     0
    11 -1.729986    21    71     0
    11 -1.647606    22    72     0
    11 -1.565226    23    73     0
    11 -1.482845    24    74     0
    11 -1.400465    25    75     0
    11 -1.318085    26    76     0
    11 -1.235704    27    77     0
    11 -1.153324    28    78     0
    11 -1.070944    29    79     0
    11 -0.988564    30    80     0
    11 -0.906183    31    81     0
    11 -0.823803    32    82     0
    11 -0.741423    33    83     0
    11 -0.659042    34     0     0
    11 -0.576662    35     0     0
    11 -0.494282    36     0     0
    11 -0.411901    37     0     0
    11 -0.329521    38     0     0
    11 -0.247141    39     0     0
    11 -0.164761    40     0     0
    11 -0.082380    41     0     0
    11 -0.000000    42     0     0
    11  0.082380    43     0     0
    11  0.164761    44     0     0
    11  0.247141    45     0     0
    11  0.329521    46     0     0
    11  0.411901    47     0     0
    11  0.494282    48     0     0
    11  0.576662    49     0     0
    11  0.659042    50     0     0
    11  0.741423    51     0     1
    11  0.823803    52     0     2
    11  0.906183    53     0     3
    11  0.988564    54     0     4
    11  1.070944    55     0     5
    11  1.153324    56     0     6
    11  1.235704    57     0     7
    11  1.318085    58     0     8
    11  1.400465    59     0     9
    11  1.482845    60     0    10
    11  1.565226    61     0    11
    11  1.647606    62     0    12
    11  1.729986    63     0    13
    11  1.812366    64     0    14
    11  1.894747    65     0    15
    11  1.977127    66     0    16
    11  2.059507    67     0    17
    11  2.141888    68     0    18
    11  2.224268    69     0    19
    11  2.306648    70     0    20
    11  2.389029    71     0    21
    11  2.471409    72     0    22
    11  2.553789    73     0    23
    11  2.636169    74     0    24
    11  2.718550    75     0    25
    11  2.800930    76     0    26
    11  2.883310    77     0    27
    11  2.965691    78     0    28
    11  3.048071    79     0    29
    11  3.130451    80     0    30
    11  3.212831    81     0    31
    11  3.295212    82     0    32
    11  3.377592    83     0    33
