           1  0.561705589294434     
           2  0.538581371307373     
           3  0.546189785003662     
           4  0.537686586380005     
           5  0.546627044677734     
           6  0.529173612594604     
           7  0.533076047897339     
           8  0.553243398666382     
           9  0.536705732345581     
          10  0.545892953872681     
          11  0.549017667770386     
          12  0.525641918182373     
          13  0.534305334091187     
          14  0.548099517822266     
          15  0.534588098526001     
          16  0.549599647521973     
          17  0.539284944534302     
          18  0.529692888259888     
          19  0.547616720199585     
          20  0.536895513534546     
          21  0.527075767517090     
          22  0.541889429092407     
          23  0.538517236709595     
          24  0.537575006484985     
          25  0.539259672164917     
          26  0.534942626953125     
          27  0.530667543411255     
          28  0.548374176025391     
          29  0.574105501174927     
