           1  0.511870622634888     
           2  0.533235311508179     
           3  0.548216819763184     
           4  0.528024196624756     
           5  0.551924943923950     
           6  0.511633396148682     
           7  0.547945976257324     
           8  0.526947975158691     
           9  0.515185594558716     
          10  0.521577835083008     
          11  0.514446496963501     
          12  0.512220144271851     
          13  0.520411968231201     
          14  0.532093048095703     
          15  0.524984598159790     
          16  0.535332202911377     
          17  0.529325962066650     
          18  0.510360479354858     
          19  0.519388914108276     
          20  0.541372537612915     
          21  0.522823810577393     
          22  0.523976087570190     
          23  0.517536640167236     
          24  0.545742511749268     
          25  0.510974407196045     
          26  0.523625850677490     
          27  0.530091047286987     
          28  0.523071527481079     
          29  0.568984031677246     
          30   3.04117417335510     
          31  0.547291517257690     
          32  0.553189039230347     
          33  0.549100399017334     
          34  0.530902624130249     
          35  0.545238018035889     
          36  0.537648677825928     
          37  0.553099393844604     
          38  0.540950775146484     
          39  0.515771865844727     
          40  0.539985656738281     
          41  0.531158924102783     
          42  0.549255847930908     
          43  0.531910419464111     
          44  0.540985345840454     
          45  0.554083347320557     
          46  0.540209531784058     
          47  0.539830684661865     
          48  0.539610862731934     
          49  0.537659168243408     
          50  0.538877010345459     
          51  0.552044391632080     
          52  0.538688421249390     
          53  0.544097661972046     
          54  0.544435262680054     
          55  0.545848846435547     
          56  0.544182538986206     
          57  0.535898208618164     
          58  0.545331478118896     
          59  0.568425416946411     
          60   1.06508708000183     
          61  0.540686845779419     
          62  0.536107778549194     
          63  0.539044141769409     
          64  0.535782337188721     
          65  0.547535657882690     
          66  0.571586608886719     
          67  0.532344818115234     
          68  0.558998823165894     
          69  0.556429386138916     
          70  0.545390844345093     
          71  0.537106275558472     
          72  0.528582572937012     
          73  0.540085554122925     
          74  0.558511018753052     
          75  0.521706342697144     
          76  0.557805299758911     
          77  0.553041934967041     
          78  0.539098739624023     
          79  0.531605720520020     
          80  0.532921791076660     
          81  0.542930126190186     
          82  0.543542385101318     
          83  0.546001672744751     
          84  0.536756992340088     
          85  0.547928094863892     
          86  0.545086383819580     
          87  0.527271270751953     
          88  0.550459861755371     
          89  0.583090066909790     
          90   1.06574845314026     
          91  0.542895317077637     
          92  0.541986703872681     
          93  0.535753250122070     
          94  0.549059867858887     
          95  0.537887811660767     
          96  0.551043510437012     
          97  0.536657333374023     
          98  0.558209419250488     
          99  0.545557737350464     
         100  0.538188219070435     
         101  0.540082693099976     
         102  0.554654836654663     
         103  0.554052829742432     
         104  0.540579795837402     
         105  0.540079116821289     
         106  0.528786182403564     
         107  0.567023277282715     
         108  0.534504652023315     
         109  0.529127359390259     
         110  0.558361053466797     
         111  0.532778978347778     
         112  0.560735940933228     
         113  0.546642065048218     
         114  0.544027566909790     
         115  0.567464828491211     
         116  0.524994611740112     
         117  0.555395126342773     
         118  0.537712097167969     
         119  0.571728706359863     
         120   1.07489824295044     
         121  0.545650243759155     
         122  0.533546686172485     
         123  0.536006689071655     
         124  0.533579587936401     
         125  0.540704488754272     
         126  0.544281244277954     
         127  0.525690555572510     
         128  0.555419921875000     
         129  0.549086570739746     
         130  0.535736083984375     
         131  0.556525945663452     
         132  0.528363943099976     
         133  0.550599813461304     
         134  0.544352531433105     
         135  0.542524337768555     
         136  0.547256946563721     
         137  0.539300680160522     
         138  0.570868492126465     
         139  0.529834270477295     
         140  0.535143136978149     
         141  0.531793355941772     
         142  0.539825916290283     
         143  0.553140163421631     
         144  0.547095537185669     
         145  0.552070856094360     
         146  0.555092096328735     
         147  0.532968521118164     
         148  0.543287277221680     
         149  0.569415330886841     
         150   1.08023810386658     
         151  0.547519922256470     
         152  0.530690193176270     
         153  0.550680398941040     
         154  0.563876152038574     
         155  0.536727190017700     
         156  0.539263725280762     
         157  0.540351867675781     
         158  0.553902864456177     
         159  0.543731212615967     
         160  0.544493913650513     
         161  0.540174961090088     
         162  0.540920257568359     
         163  0.545638322830200     
         164  0.553589582443237     
         165  0.544820308685303     
         166  0.533498525619507     
         167  0.535193681716919     
         168  0.548069715499878     
         169  0.559952974319458     
         170  0.530245304107666     
         171  0.546515226364136     
         172  0.546765565872192     
         173  0.536472082138062     
         174  0.545275688171387     
         175  0.531121730804443     
         176  0.563183546066284     
         177  0.542919397354126     
         178  0.527217149734497     
         179  0.574674367904663     
         180   1.07111144065857     
         181  0.539129257202148     
         182  0.555397510528564     
         183  0.561151266098022     
         184  0.546288967132568     
         185  0.540262937545776     
         186  0.538818836212158     
         187  0.541081190109253     
         188  0.555775642395020     
         189  0.563344478607178     
         190  0.541317939758301     
         191  0.539360523223877     
         192  0.550454378128052     
         193  0.556422710418701     
         194  0.546317577362061     
         195  0.536485195159912     
         196  0.551753997802734     
         197  0.550626277923584     
         198  0.538420438766479     
         199  0.551776409149170     
         200  0.548038721084595     
         201  0.541441202163696     
         202  0.543267726898193     
         203  0.541990280151367     
         204  0.544606685638428     
         205  0.536882877349854     
         206  0.539314508438110     
         207  0.548902034759521     
         208  0.532862424850464     
         209  0.566789627075195     
         210   1.07465291023254     
         211  0.528195381164551     
         212  0.555473327636719     
         213  0.554644823074341     
         214  0.531098127365112     
         215  0.541908502578735     
         216  0.537126302719116     
         217  0.537213325500488     
         218  0.555586338043213     
         219  0.536114692687988     
         220  0.569171428680420     
         221  0.533889532089233     
         222  0.535808324813843     
         223  0.540343999862671     
         224  0.542934894561768     
         225  0.540862798690796     
         226  0.551726579666138     
         227  0.562717437744141     
         228  0.548407077789307     
         229  0.544595003128052     
         230  0.543793678283691     
         231  0.544992208480835     
         232  0.539439439773560     
         233  0.548893928527832     
         234  0.580208778381348     
         235  0.530681371688843     
         236  0.556972026824951     
         237  0.534167766571045     
         238  0.554127216339111     
         239  0.573518991470337     
         240   1.09096097946167     
         241  0.542142629623413     
         242  0.537393808364868     
         243  0.541952848434448     
         244  0.541432619094849     
         245  0.549513101577759     
         246  0.553987741470337     
         247  0.548401832580566     
         248  0.552164077758789     
         249  0.534409046173096     
         250  0.538618803024292     
         251  0.540042638778687     
         252  0.529693126678467     
         253  0.548907041549683     
         254  0.549625158309937     
         255  0.541699409484863     
         256  0.543974399566650     
         257  0.548200130462646     
         258  0.553002357482910     
         259  0.532499313354492     
         260  0.544129133224487     
         261  0.561247587203979     
         262  0.551516771316528     
         263  0.537910699844360     
         264  0.566464185714722     
         265  0.542183160781860     
         266  0.537192821502686     
         267  0.542964935302734     
         268  0.529952764511108     
         269  0.582153320312500     
         270   1.08019351959229     
         271  0.545572280883789     
         272  0.552466869354248     
         273  0.527332544326782     
         274  0.542563915252686     
         275  0.551177263259888     
         276  0.538905143737793     
         277  0.559518575668335     
         278  0.528265476226807     
         279  0.541377067565918     
         280  0.559730529785156     
         281  0.540939331054688     
         282  0.557103395462036     
         283  0.527801036834717     
         284  0.557937622070312     
         285  0.531717538833618     
         286  0.534782409667969     
         287  0.550985574722290     
         288  0.533897638320923     
         289  0.541768789291382     
         290  0.541406869888306     
         291  0.548397541046143     
         292  0.537353277206421     
         293  0.566986799240112     
         294  0.557228326797485     
         295  0.544270038604736     
         296  0.543812990188599     
         297  0.548133373260498     
         298  0.535772085189819     
         299  0.575618267059326     
         300   1.08631587028503     
         301  0.534398078918457     
         302  0.549973726272583     
         303  0.536213159561157     
         304  0.551534891128540     
         305  0.536476612091064     
         306  0.548677444458008     
         307  0.544786930084229     
         308  0.543099403381348     
         309  0.559660911560059     
         310  0.561655759811401     
         311  0.533329963684082     
         312  0.553429126739502     
         313  0.543510437011719     
         314  0.537687301635742     
         315  0.531638145446777     
         316  0.546121358871460     
         317  0.542054653167725     
         318  0.530858039855957     
         319  0.559259414672852     
         320  0.548230171203613     
         321  0.537236213684082     
         322  0.553055047988892     
         323  0.543859958648682     
         324  0.554241895675659     
         325  0.543385505676270     
         326  0.540063858032227     
         327  0.567476987838745     
         328  0.548919200897217     
         329  0.592397451400757     
         330   1.07900929450989     
         331  0.541485071182251     
         332  0.547897100448608     
         333  0.526389598846436     
         334  0.546714782714844     
         335  0.530014514923096     
         336  0.557014703750610     
         337  0.551332712173462     
         338  0.572757005691528     
         339  0.549936294555664     
         340  0.523432016372681     
         341  0.535937547683716     
         342  0.551370143890381     
         343  0.548294544219971     
         344  0.544234275817871     
         345  0.539724826812744     
         346  0.537433147430420     
         347  0.532636404037476     
         348  0.554390192031860     
         349  0.555291652679443     
         350  0.534478425979614     
         351  0.557021617889404     
         352  0.540960073471069     
         353  0.547869920730591     
         354  0.523427724838257     
         355  0.558045625686646     
         356  0.539671182632446     
         357  0.529800176620483     
         358  0.562758207321167     
         359  0.582853078842163     
         360   1.06686019897461     
         361  0.544308423995972     
         362  0.563114643096924     
         363  0.547914981842041     
         364  0.541080951690674     
         365  0.531213521957397     
         366  0.539059638977051     
         367  0.544509887695312     
         368  0.550084590911865     
         369  0.553770780563354     
         370  0.567016601562500     
         371  0.531011819839478     
         372  0.540952682495117     
         373  0.554697275161743     
         374  0.537063360214233     
         375  0.538644790649414     
         376  0.539347410202026     
         377  0.556720972061157     
         378  0.532824993133545     
         379  0.553035736083984     
         380  0.546799659729004     
         381  0.557480812072754     
         382  0.537082672119141     
         383  0.547107219696045     
         384  0.540157794952393     
         385  0.531354904174805     
         386  0.559810876846313     
         387  0.539576053619385     
         388  0.536178350448608     
         389  0.583017587661743     
         390   1.07102179527283     
         391  0.553673267364502     
         392  0.540550231933594     
         393  0.536374807357788     
         394  0.537535667419434     
         395  0.542498350143433     
         396  0.550099611282349     
         397  0.534773111343384     
         398  0.548662424087524     
         399  0.548446655273438     
         400  0.545578002929688     
         401  0.550385951995850     
         402  0.541430950164795     
         403  0.542520761489868     
         404  0.532397031784058     
         405  0.563804388046265     
         406  0.532123804092407     
         407  0.543223619461060     
         408  0.537879705429077     
         409  0.550369024276733     
         410  0.553130149841309     
         411  0.540626525878906     
         412  0.537447452545166     
         413  0.541523218154907     
         414  0.552709817886353     
         415  0.576017856597900     
         416  0.555273294448853     
         417  0.531637907028198     
         418  0.557371616363525     
         419  0.565625429153442     
         420   1.07904505729675     
         421  0.554690599441528     
         422  0.547838687896729     
         423  0.544190406799316     
         424  0.541513204574585     
         425  0.542454242706299     
         426  0.535478591918945     
         427  0.550482749938965     
         428  0.550701856613159     
         429  0.540726423263550     
         430  0.540021896362305     
         431  0.553705692291260     
         432  0.530306339263916     
         433  0.577843427658081     
         434  0.544490337371826     
         435  0.542244911193848     
         436  0.531630516052246     
         437  0.540114164352417     
         438  0.550839424133301     
         439  0.520921707153320     
         440  0.563458919525146     
         441  0.572267770767212     
         442  0.558948993682861     
         443  0.539879798889160     
         444  0.558529853820801     
         445  0.538958072662354     
         446  0.544891595840454     
         447  0.536824226379395     
         448  0.537412643432617     
         449  0.585960626602173     
         450   1.08757519721985     
         451  0.547071695327759     
         452  0.558345794677734     
         453  0.536703586578369     
         454  0.536234378814697     
         455  0.540268898010254     
         456  0.552690982818604     
         457  0.540421724319458     
         458  0.537588119506836     
         459  0.530324220657349     
         460  0.549010992050171     
         461  0.539175748825073     
         462  0.542278528213501     
         463  0.547351360321045     
         464  0.540709495544434     
         465  0.550740003585815     
         466  0.540783405303955     
         467  0.539899826049805     
         468  0.575367689132690     
         469  0.540028095245361     
         470  0.535957098007202     
         471  0.543159723281860     
         472  0.537567377090454     
         473  0.545187473297119     
         474  0.533691406250000     
         475  0.553623914718628     
         476  0.546983957290649     
         477  0.533060073852539     
         478  0.554280042648315     
         479  0.566232919692993     
         480   1.08514428138733     
         481  0.553318262100220     
         482  0.543078660964966     
         483  0.553566455841064     
         484  0.537677288055420     
         485  0.547923564910889     
         486  0.536513805389404     
         487  0.560436010360718     
         488  0.524461030960083     
         489  0.550179719924927     
         490  0.558491230010986     
         491  0.548197269439697     
         492  0.537577867507935     
         493  0.547208070755005     
         494  0.542359590530396     
         495  0.542656183242798     
         496  0.555767536163330     
         497  0.544377326965332     
         498  0.567226648330688     
         499  0.554875612258911     
         500  0.525462627410889     
         501  0.543431997299194     
         502  0.556059598922729     
         503  0.536829948425293     
         504  0.539434194564819     
         505  0.551581382751465     
         506  0.534132003784180     
         507  0.534407138824463     
         508  0.536802530288696     
         509  0.574802637100220     
         510   1.09004068374634     
         511  0.549438714981079     
         512  0.557268142700195     
         513  0.534575462341309     
         514  0.560168981552124     
         515  0.543326616287231     
         516  0.551853418350220     
         517  0.553597688674927     
         518  0.537845373153687     
         519  0.551459074020386     
         520  0.547685384750366     
         521  0.559704303741455     
         522  0.536574363708496     
         523  0.551338434219360     
         524  0.538645029067993     
         525  0.542678594589233     
         526  0.534673213958740     
         527  0.546618461608887     
         528  0.560529708862305     
         529  0.534740209579468     
         530  0.534474134445190     
         531  0.539026021957397     
         532  0.560953140258789     
         533  0.538416624069214     
         534  0.553889751434326     
         535  0.530768632888794     
         536  0.556627035140991     
         537  0.532757282257080     
         538  0.538434505462646     
         539  0.571882963180542     
         540   1.08945441246033     
         541  0.532430648803711     
         542  0.540498733520508     
         543  0.549965143203735     
         544  0.543228387832642     
         545  0.543736219406128     
         546  0.542692184448242     
         547  0.550233602523804     
         548  0.553545713424683     
         549  0.529832363128662     
         550  0.543183088302612     
         551  0.541651010513306     
         552  0.536313295364380     
         553  0.541656494140625     
         554  0.544595479965210     
         555  0.537234067916870     
         556  0.541142463684082     
         557  0.564969062805176     
         558  0.548075199127197     
         559  0.546856641769409     
         560  0.524784088134766     
         561  0.541878938674927     
         562  0.551403045654297     
         563  0.542792797088623     
         564  0.554273605346680     
         565  0.527634620666504     
         566  0.542783260345459     
         567  0.538584709167480     
         568  0.556165933609009     
         569  0.578928709030151     
         570   1.07778000831604     
         571  0.542296171188354     
         572  0.557132482528687     
         573  0.557190418243408     
         574  0.550379753112793     
         575  0.535377740859985     
         576  0.544440746307373     
         577  0.558478593826294     
         578  0.536826610565186     
         579  0.560051918029785     
         580  0.551790714263916     
         581  0.552675485610962     
         582  0.537985801696777     
         583  0.544183969497681     
         584  0.538510084152222     
         585  0.549547910690308     
         586  0.541736364364624     
         587  0.549326658248901     
         588  0.532573223114014     
         589  0.552221536636353     
         590  0.532327413558960     
         591  0.549467325210571     
         592  0.552731037139893     
         593  0.536487340927124     
         594  0.547688722610474     
         595  0.538373947143555     
         596  0.527304887771606     
         597  0.547413587570190     
         598  0.541865110397339     
         599  0.595259904861450     
         600   1.08273339271545     
         601  0.538259267807007     
         602  0.544814586639404     
         603  0.548382997512817     
         604  0.529882907867432     
         605  0.544571876525879     
         606  0.536630630493164     
         607  0.536967039108276     
         608  0.545549154281616     
         609  0.552816152572632     
         610  0.540749073028564     
         611  0.538563966751099     
         612  0.538722515106201     
         613  0.562677383422852     
         614  0.546080350875854     
         615  0.551394462585449     
         616  0.542819976806641     
         617  0.528986454010010     
         618  0.544966220855713     
         619  0.536356687545776     
         620  0.556667566299438     
         621  0.536582708358765     
         622  0.548791885375977     
         623  0.543913841247559     
         624  0.526295423507690     
         625  0.533629894256592     
         626  0.539199113845825     
         627  0.550230503082275     
         628  0.534149646759033     
         629  0.577276468276978     
         630   1.09293961524963     
         631  0.537450313568115     
         632  0.549382686614990     
         633  0.532608032226562     
         634  0.561508893966675     
         635  0.530905485153198     
         636  0.552298545837402     
         637  0.529655694961548     
         638  0.554865121841431     
         639  0.558365583419800     
         640  0.543429374694824     
         641  0.545035839080811     
         642  0.544969797134399     
         643  0.539617538452148     
         644  0.538628578186035     
         645  0.550783395767212     
         646  0.533143520355225     
         647  0.543534755706787     
         648  0.540236949920654     
         649  0.566912651062012     
         650  0.550257682800293     
         651  0.546852827072144     
         652  0.536882638931274     
         653  0.537161111831665     
         654  0.537114620208740     
         655  0.537378549575806     
         656  0.541310548782349     
         657  0.553486824035645     
         658  0.556238889694214     
         659  0.568388462066650     
         660   1.07434582710266     
         661  0.555281639099121     
         662  0.544494152069092     
         663  0.537083625793457     
         664  0.540871381759644     
         665  0.552658557891846     
         666  0.535648107528687     
         667  0.544640541076660     
         668  0.533897399902344     
         669  0.543537616729736     
         670  0.542397975921631     
         671  0.546040534973145     
         672  0.545871973037720     
         673  0.547156333923340     
         674  0.542783260345459     
         675  0.545338869094849     
         676  0.534260988235474     
         677  0.562994956970215     
         678  0.539208889007568     
         679  0.534003734588623     
         680  0.557129621505737     
         681  0.566219329833984     
         682  0.535330057144165     
         683  0.558021783828735     
         684  0.534507274627686     
         685  0.543660640716553     
         686  0.538197517395020     
         687  0.548783302307129     
         688  0.534867048263550     
         689  0.577311515808105     
         690   1.08001923561096     
         691  0.531350374221802     
         692  0.568187952041626     
         693  0.543812751770020     
         694  0.531366586685181     
         695  0.537637710571289     
         696  0.537035942077637     
         697  0.545346260070801     
         698  0.544345617294312     
         699  0.559259414672852     
         700  0.538959503173828     
         701  0.543715000152588     
         702  0.529848337173462     
         703  0.532566308975220     
         704  0.542233467102051     
         705  0.559743881225586     
         706  0.531483411788940     
         707  0.543141126632690     
         708  0.557806491851807     
         709  0.540363788604736     
         710  0.549217462539673     
         711  0.546294927597046     
         712  0.549115657806396     
         713  0.533797740936279     
         714  0.567186832427979     
         715  0.542751789093018     
         716  0.533374547958374     
         717  0.527554035186768     
         718  0.542918443679810     
         719  0.599607944488525     
         720   1.08134222030640     
         721  0.540034055709839     
         722  0.548318624496460     
         723  0.542018890380859     
         724  0.548271417617798     
         725  0.545252323150635     
         726  0.536810159683228     
         727  0.530591964721680     
         728  0.551342248916626     
         729  0.534961700439453     
         730  0.556061744689941     
         731  0.539666891098022     
         732  0.549816846847534     
         733  0.551621198654175     
         734  0.556411981582642     
         735  0.529459476470947     
         736  0.532287120819092     
         737  0.548609733581543     
         738  0.556387901306152     
         739  0.543176651000977     
         740  0.544168233871460     
         741  0.534350156784058     
         742  0.549260854721069     
         743  0.553554773330688     
         744  0.524319648742676     
         745  0.545062780380249     
         746  0.552674293518066     
         747  0.547804832458496     
         748  0.529821395874023     
         749  0.587058305740356     
         750   1.07982897758484     
         751  0.544843912124634     
         752  0.546854734420776     
         753  0.541750907897949     
         754  0.559691429138184     
         755  0.538952827453613     
         756  0.544455766677856     
         757  0.533224105834961     
         758  0.553716659545898     
         759  0.543704748153687     
         760  0.548780441284180     
         761  0.545268297195435     
         762  0.545784473419189     
         763  0.546406745910645     
         764  0.537046432495117     
         765  0.550347566604614     
         766  0.550187587738037     
         767  0.532758951187134     
         768  0.545515060424805     
         769  0.555324316024780     
         770  0.526744842529297     
         771  0.543795824050903     
         772  0.558364391326904     
         773  0.535317659378052     
         774  0.539573669433594     
         775  0.560226202011108     
         776  0.543059587478638     
         777  0.547126054763794     
         778  0.546943664550781     
         779  0.578491210937500     
         780   1.06785869598389     
         781  0.561213731765747     
         782  0.543165206909180     
         783  0.554161071777344     
         784  0.549103975296021     
         785  0.528506517410278     
         786  0.544771194458008     
         787  0.553052425384521     
         788  0.539230346679688     
         789  0.552178859710693     
         790  0.540861606597900     
         791  0.541335582733154     
         792  0.554788827896118     
         793  0.536376476287842     
         794  0.546568393707275     
         795  0.543056726455688     
         796  0.548965692520142     
         797  0.542968988418579     
         798  0.538470268249512     
         799  0.548947572708130     
         800  0.537264585494995     
         801  0.533729314804077     
         802  0.534088850021362     
         803  0.544841527938843     
         804  0.554816246032715     
         805  0.554651737213135     
         806  0.526952743530273     
         807  0.557948350906372     
         808  0.551706790924072     
         809  0.572613954544067     
         810   1.07297611236572     
         811  0.565265178680420     
         812  0.547495365142822     
         813  0.545957803726196     
         814  0.539605617523193     
         815  0.573468923568726     
         816  0.555349349975586     
         817  0.538625240325928     
         818  0.545597076416016     
         819  0.525751829147339     
         820  0.556826114654541     
         821  0.538413524627686     
         822  0.540671825408936     
         823  0.539044141769409     
         824  0.557239055633545     
         825  0.542826414108276     
         826  0.554142951965332     
         827  0.561757802963257     
         828  0.560555934906006     
         829  0.533416032791138     
         830  0.567018985748291     
         831  0.556588649749756     
         832  0.553077220916748     
         833  0.522753238677979     
         834  0.556257009506226     
         835  0.561363220214844     
         836  0.546852350234985     
         837  0.548381090164185     
         838  0.545505762100220     
         839  0.563082218170166     
         840   1.08825206756592     
         841  0.541273355484009     
         842  0.542464017868042     
         843  0.529319763183594     
         844  0.539777278900146     
         845  0.546684741973877     
         846  0.548609972000122     
         847  0.535132884979248     
         848  0.545574665069580     
         849  0.535458564758301     
         850  0.535250425338745     
         851  0.552854299545288     
         852  0.533456087112427     
         853  0.553202629089355     
         854  0.554672002792358     
         855  0.563680410385132     
         856  0.553773403167725     
         857  0.537001371383667     
         858  0.551216363906860     
         859  0.539816856384277     
         860  0.544805765151978     
         861  0.560931205749512     
         862  0.552428007125854     
         863  0.536051988601685     
         864  0.537487268447876     
         865  0.542340040206909     
         866  0.550380706787109     
         867  0.545928478240967     
         868  0.536201715469360     
         869  0.587323188781738     
         870   1.06896805763245     
         871  0.543531894683838     
         872  0.577283143997192     
         873  0.532900571823120     
         874  0.549973964691162     
         875  0.552799224853516     
         876  0.529649972915649     
         877  0.549681186676025     
         878  0.533688545227051     
         879  0.562268972396851     
         880  0.544601440429688     
         881  0.540169000625610     
         882  0.536849021911621     
         883  0.563918113708496     
         884  0.541557788848877     
         885  0.532890081405640     
         886  0.548561811447144     
         887  0.534547805786133     
         888  0.537385940551758     
         889  0.554956674575806     
         890  0.551357984542847     
         891  0.541714191436768     
         892  0.541293859481812     
         893  0.551025390625000     
         894  0.551610469818115     
         895  0.534966230392456     
         896  0.543532609939575     
         897  0.547966480255127     
         898  0.563742160797119     
         899  0.588468790054321     
         900   1.07491278648376     
         901  0.551184415817261     
         902  0.544247865676880     
         903  0.562235116958618     
         904  0.530577182769775     
         905  0.527420997619629     
         906  0.538900852203369     
         907  0.562296390533447     
         908  0.543677091598511     
         909  0.547656536102295     
         910  0.534039735794067     
         911  0.544031620025635     
         912  0.556584835052490     
         913  0.545481443405151     
         914  0.528552055358887     
         915  0.551242589950562     
         916  0.545247554779053     
         917  0.540176868438721     
         918  0.536859035491943     
         919  0.548146009445190     
         920  0.527783632278442     
         921  0.545068979263306     
         922  0.547730684280396     
         923  0.536513090133667     
         924  0.535928487777710     
         925  0.557883501052856     
         926  0.561409950256348     
         927  0.552160024642944     
         928  0.543232440948486     
         929  0.570670843124390     
         930   1.07991480827332     
         931  0.549537181854248     
         932  0.548995971679688     
         933  0.534324645996094     
         934  0.559826850891113     
         935  0.532742738723755     
         936  0.546175718307495     
         937  0.549045085906982     
         938  0.541033744812012     
         939  0.560086727142334     
         940  0.552353382110596     
         941  0.533602237701416     
         942  0.527041912078857     
         943  0.550445556640625     
         944  0.543226003646851     
         945  0.523911237716675     
         946  0.548706293106079     
         947  0.533072710037231     
         948  0.552536964416504     
         949  0.542140722274780     
         950  0.551717042922974     
         951  0.527319431304932     
         952  0.542935371398926     
         953  0.542840957641602     
         954  0.531475305557251     
         955  0.556087493896484     
         956  0.537596464157104     
         957  0.540264606475830     
         958  0.542684793472290     
         959  0.570650100708008     
         960   1.08806300163269     
         961  0.555176258087158     
         962  0.528763294219971     
         963  0.552484989166260     
         964  0.544795751571655     
         965  0.538614034652710     
         966  0.552309274673462     
         967  0.534193038940430     
         968  0.557648897171021     
         969  0.537976026535034     
         970  0.539891242980957     
         971  0.537465572357178     
         972  0.551882028579712     
         973  0.547840118408203     
         974  0.560752630233765     
         975  0.538108587265015     
         976  0.550228834152222     
         977  0.561627149581909     
         978  0.539451599121094     
         979  0.547635793685913     
         980  0.532189846038818     
         981  0.546918392181396     
         982  0.562168121337891     
         983  0.552073001861572     
         984  0.557182073593140     
         985  0.523028373718262     
         986  0.546807050704956     
         987  0.548122167587280     
         988  0.539304733276367     
         989  0.583962440490723     
         990   1.06718468666077     
         991  0.543549776077271     
         992  0.546438217163086     
         993  0.547381162643433     
         994  0.551753044128418     
         995  0.555292367935181     
         996  0.540583848953247     
         997  0.551426887512207     
         998  0.567171812057495     
         999  0.538266658782959     
        1000  0.532668352127075     
        1001  0.535343170166016     
        1002  0.538438320159912     
        1003  0.536216497421265     
        1004  0.537952184677124     
        1005  0.528952598571777     
        1006  0.556272029876709     
        1007  0.525761127471924     
        1008  0.542645931243896     
        1009  0.557697057723999     
        1010  0.539796352386475     
        1011  0.533760070800781     
        1012  0.539792299270630     
        1013  0.530326843261719     
        1014  0.552016258239746     
        1015  0.531666994094849     
        1016  0.544194698333740     
        1017  0.541270256042480     
        1018  0.536875009536743     
        1019  0.577862739562988     
        1020   1.06877279281616     
        1021  0.548953771591187     
        1022  0.539176225662231     
        1023  0.540649414062500     
        1024  0.556643724441528     
        1025  0.530844211578369     
        1026  0.536375761032104     
        1027  0.563229322433472     
        1028  0.535364866256714     
        1029  0.569972276687622     
        1030  0.543689489364624     
        1031  0.554167985916138     
        1032  0.551702260971069     
        1033  0.538453578948975     
        1034  0.548613071441650     
        1035  0.541978120803833     
        1036  0.560191631317139     
        1037  0.543101310729980     
        1038  0.530357599258423     
        1039  0.534910440444946     
        1040  0.550358533859253     
        1041  0.542331695556641     
        1042  0.547636270523071     
        1043  0.540019989013672     
        1044  0.547912597656250     
        1045  0.547030210494995     
        1046  0.539990663528442     
        1047  0.547216415405273     
        1048  0.549515247344971     
        1049  0.573750495910645     
        1050   1.07908082008362     
        1051  0.550304412841797     
        1052  0.539812326431274     
        1053  0.544380187988281     
        1054  0.558680295944214     
        1055  0.539721250534058     
        1056  0.553260803222656     
        1057  0.535015344619751     
        1058  0.548235654830933     
        1059  0.530836820602417     
        1060  0.535461187362671     
        1061  0.532669305801392     
        1062  0.536215543746948     
        1063  0.552522420883179     
        1064  0.526774406433105     
        1065  0.557821273803711     
        1066  0.544477701187134     
        1067  0.544720888137817     
        1068  0.533106565475464     
        1069  0.550890922546387     
        1070  0.530182123184204     
        1071  0.550947666168213     
        1072  0.551212072372437     
        1073  0.534417152404785     
        1074  0.546352386474609     
        1075  0.551482677459717     
        1076  0.555311441421509     
        1077  0.549304962158203     
        1078  0.529622793197632     
        1079  0.569157600402832     
        1080   1.07754087448120     
        1081  0.538892030715942     
        1082  0.549936771392822     
        1083  0.531421422958374     
        1084  0.566498517990112     
        1085  0.535962343215942     
        1086  0.556833744049072     
        1087  0.543462514877319     
        1088  0.550999879837036     
        1089  0.537949562072754     
        1090  0.539664983749390     
        1091  0.540573120117188     
        1092  0.546856403350830     
        1093  0.557230234146118     
        1094  0.540374279022217     
        1095  0.546950101852417     
        1096  0.532105922698975     
        1097  0.536091566085815     
        1098  0.535465955734253     
        1099  0.544375658035278     
        1100  0.556185960769653     
        1101  0.550621509552002     
        1102  0.538275718688965     
        1103  0.532649755477905     
        1104  0.562295198440552     
        1105  0.552463054656982     
        1106  0.532320976257324     
        1107  0.529075145721436     
        1108  0.545543193817139     
        1109  0.583247661590576     
        1110   1.08476877212524     
        1111  0.535847663879395     
        1112  0.535776376724243     
        1113  0.545725345611572     
        1114  0.557286262512207     
        1115  0.546150445938110     
        1116  0.535645246505737     
        1117  0.542257308959961     
        1118  0.568418979644775     
        1119  0.530910253524780     
        1120  0.528632879257202     
        1121  0.544806241989136     
        1122  0.534125566482544     
        1123  0.544696331024170     
        1124  0.553505659103394     
        1125  0.556351900100708     
        1126  0.540960073471069     
        1127  0.554748773574829     
        1128  0.561460018157959     
        1129  0.546879291534424     
        1130  0.538039207458496     
        1131  0.534824609756470     
        1132  0.549993276596069     
        1133  0.544409513473511     
        1134  0.543061017990112     
        1135  0.553915500640869     
        1136  0.532027721405029     
        1137  0.547342538833618     
        1138  0.539717674255371     
        1139  0.580713748931885     
        1140   1.05640459060669     
        1141  0.539153099060059     
        1142  0.546909332275391     
        1143  0.538951396942139     
        1144  0.561045169830322     
        1145  0.562608242034912     
        1146  0.546571254730225     
        1147  0.542409181594849     
        1148  0.564947843551636     
        1149  0.529654502868652     
        1150  0.554574012756348     
        1151  0.542714834213257     
        1152  0.542171239852905     
        1153  0.558474302291870     
        1154  0.561715602874756     
        1155  0.526199340820312     
        1156  0.543215990066528     
        1157  0.553524732589722     
        1158  0.523917436599731     
        1159  0.550715923309326     
        1160  0.550481796264648     
        1161  0.547534704208374     
        1162  0.542192220687866     
        1163  0.540659189224243     
        1164  0.510411024093628     
        1165  0.552238941192627     
        1166  0.534598350524902     
        1167  0.544380426406860     
        1168  0.544768095016479     
        1169  0.562956333160400     
        1170   1.06977748870850     
        1171  0.534749746322632     
        1172  0.537158250808716     
        1173  0.543384790420532     
        1174  0.550173997879028     
        1175  0.556310176849365     
        1176  0.541338205337524     
        1177  0.532612562179565     
        1178  0.542062759399414     
        1179  0.539009571075439     
        1180  0.559197187423706     
        1181  0.536765098571777     
        1182  0.539769411087036     
        1183  0.533045530319214     
        1184  0.541572570800781     
        1185  0.523014783859253     
        1186  0.551071643829346     
        1187  0.543075561523438     
        1188  0.541160583496094     
        1189  0.538216829299927     
        1190  0.545102357864380     
        1191  0.550072431564331     
        1192  0.547022581100464     
        1193  0.534090995788574     
        1194  0.551077842712402     
        1195  0.533441305160522     
        1196  0.552654981613159     
        1197  0.540020465850830     
        1198  0.558144092559814     
        1199  0.577810049057007     
        1200   1.07259202003479     
        1201  0.553848505020142     
        1202  0.527784585952759     
        1203  0.536638021469116     
        1204  0.528148651123047     
        1205  0.544670820236206     
        1206  0.534334182739258     
        1207  0.531709671020508     
        1208  0.538399696350098     
        1209  0.551391363143921     
        1210  0.551533937454224     
        1211  0.555179357528687     
        1212  0.541273117065430     
        1213  0.560178995132446     
        1214  0.547646522521973     
        1215  0.551871776580811     
        1216  0.531130552291870     
        1217  0.539928674697876     
        1218  0.537335157394409     
        1219  0.524276018142700     
        1220  0.533386945724487     
        1221  0.558566093444824     
        1222  0.545728921890259     
        1223  0.542593717575073     
        1224  0.554282665252686     
        1225  0.543378353118896     
        1226  0.537858009338379     
        1227  0.552134275436401     
        1228  0.532196760177612     
        1229  0.565279483795166     
        1230   1.06311988830566     
        1231  0.542413711547852     
        1232  0.549098014831543     
        1233  0.553096055984497     
        1234  0.555240392684937     
        1235  0.534184932708740     
        1236  0.563211441040039     
        1237  0.539807558059692     
        1238  0.542874574661255     
        1239  0.563948154449463     
        1240  0.536659479141235     
        1241  0.545408964157104     
        1242  0.561752080917358     
        1243  0.533036231994629     
        1244  0.558633089065552     
        1245  0.529133319854736     
        1246  0.537479162216187     
        1247  0.535380840301514     
        1248  0.535799264907837     
        1249  0.536901235580444     
        1250  0.569310188293457     
        1251  0.544513225555420     
        1252  0.541541099548340     
        1253  0.547105312347412     
        1254  0.536103010177612     
        1255  0.544923305511475     
        1256  0.534207582473755     
        1257  0.540506601333618     
        1258  0.544138669967651     
        1259  0.589995145797729     
        1260   1.08819532394409     
        1261  0.537947177886963     
        1262  0.557392597198486     
        1263  0.541974067687988     
        1264  0.557824134826660     
        1265  0.532849073410034     
        1266  0.526204347610474     
        1267  0.544796228408813     
        1268  0.544043302536011     
        1269  0.522713899612427     
        1270  0.560306787490845     
        1271  0.536214351654053     
        1272  0.553378343582153     
        1273  0.546748638153076     
        1274  0.541788101196289     
        1275  0.543601036071777     
        1276  0.533282279968262     
        1277  0.536610841751099     
        1278  0.556875467300415     
        1279  0.539165258407593     
        1280  0.542517185211182     
        1281  0.539463043212891     
        1282  0.543439149856567     
        1283  0.543920278549194     
        1284  0.540468692779541     
        1285  0.566556930541992     
        1286  0.539113521575928     
        1287  0.546929359436035     
        1288  0.558020591735840     
        1289  0.565758466720581     
        1290   1.07660794258118     
        1291  0.531129360198975     
        1292  0.577598333358765     
        1293  0.550568103790283     
        1294  0.559506177902222     
        1295  0.534687280654907     
        1296  0.563919782638550     
        1297  0.548376321792603     
        1298  0.550068140029907     
        1299  0.532134056091309     
        1300  0.556934595108032     
        1301  0.525402069091797     
        1302  0.577492713928223     
        1303  0.541000604629517     
        1304  0.552552461624146     
        1305  0.529644250869751     
        1306  0.537360668182373     
        1307  0.534753084182739     
        1308  0.554047346115112     
        1309  0.552690982818604     
        1310  0.552215099334717     
        1311  0.550279378890991     
        1312  0.545549154281616     
        1313  0.548545360565186     
        1314  0.543875932693481     
        1315  0.543849229812622     
        1316  0.540542602539062     
        1317  0.549601554870605     
        1318  0.554085969924927     
        1319  0.570053815841675     
        1320   1.07576584815979     
        1321  0.534321308135986     
        1322  0.547362327575684     
        1323  0.533023834228516     
        1324  0.554615020751953     
        1325  0.533445119857788     
        1326  0.573788166046143     
        1327  0.553435564041138     
        1328  0.536206960678101     
        1329  0.533882379531860     
        1330  0.555355787277222     
        1331  0.538392782211304     
        1332  0.539437055587769     
        1333  0.549883127212524     
        1334  0.550499439239502     
        1335  0.522245645523071     
        1336  0.537809133529663     
        1337  0.535606861114502     
        1338  0.545250892639160     
        1339  0.556647300720215     
        1340  0.548320293426514     
        1341  0.552659034729004     
        1342  0.533343076705933     
        1343  0.525607824325562     
        1344  0.551596403121948     
        1345  0.543794631958008     
        1346  0.554133415222168     
        1347  0.545717716217041     
        1348  0.558040618896484     
        1349  0.575929880142212     
        1350   1.08127212524414     
        1351  0.540669441223145     
        1352  0.539167881011963     
        1353  0.536529302597046     
        1354  0.530080795288086     
        1355  0.575807332992554     
        1356  0.536911249160767     
        1357  0.534422636032104     
        1358  0.536794424057007     
        1359  0.542192220687866     
        1360  0.541773557662964     
        1361  0.539309501647949     
        1362  0.548434495925903     
        1363  0.540450811386108     
        1364  0.534271955490112     
        1365  0.538651704788208     
        1366  0.538719177246094     
        1367  0.545858144760132     
        1368  0.545487165451050     
        1369  0.534465312957764     
        1370  0.558027982711792     
        1371  0.559360742568970     
        1372  0.554185867309570     
        1373  0.534255266189575     
        1374  0.552207946777344     
        1375  0.545785903930664     
        1376  0.538975238800049     
        1377  0.537186384201050     
        1378  0.522325754165649     
        1379  0.580858707427979     
        1380   1.07059884071350     
        1381  0.534458398818970     
        1382  0.553998231887817     
        1383  0.541475772857666     
        1384  0.529137611389160     
        1385  0.536595582962036     
        1386  0.541882276535034     
        1387  0.544868707656860     
        1388  0.553330659866333     
        1389  0.537837266921997     
        1390  0.549910068511963     
        1391  0.543064355850220     
        1392  0.564487457275391     
        1393  0.528814077377319     
        1394  0.540869951248169     
        1395  0.548829555511475     
        1396  0.540267705917358     
        1397  0.524819374084473     
        1398  0.538857460021973     
        1399  0.540298700332642     
        1400  0.538955688476562     
        1401  0.542580604553223     
        1402  0.544343948364258     
        1403  0.543044090270996     
        1404  0.541599750518799     
        1405  0.540903091430664     
        1406  0.538072586059570     
        1407  0.533949136734009     
        1408  0.537828445434570     
        1409  0.582020282745361     
        1410   1.07598853111267     
        1411  0.543339490890503     
        1412  0.548867464065552     
        1413  0.519397735595703     
        1414  0.544130086898804     
        1415  0.543293237686157     
        1416  0.538348674774170     
        1417  0.546435594558716     
        1418  0.531424283981323     
        1419  0.540302753448486     
        1420  0.552768230438232     
        1421  0.538514137268066     
        1422  0.543780803680420     
        1423  0.541861772537231     
        1424  0.544692516326904     
        1425  0.550294876098633     
        1426  0.543713569641113     
        1427  0.538878440856934     
        1428  0.532694816589355     
        1429  0.550355434417725     
        1430  0.516083955764771     
        1431  0.558297157287598     
        1432  0.530702352523804     
        1433  0.548788070678711     
        1434  0.552083730697632     
        1435  0.531649351119995     
        1436  0.540260553359985     
        1437  0.538236618041992     
        1438  0.529177188873291     
        1439  0.575787544250488     
        1440   1.06909561157227     
        1441  0.538634300231934     
        1442  0.550320625305176     
        1443  0.543370008468628     
        1444  0.548891544342041     
        1445  0.560230255126953     
        1446  0.542738437652588     
        1447  0.528411626815796     
        1448  0.553891181945801     
        1449  0.540766716003418     
        1450  0.521580457687378     
        1451  0.540113687515259     
        1452  0.564138889312744     
        1453  0.536324739456177     
        1454  0.556338787078857     
        1455  0.549447536468506     
        1456  0.539582014083862     
        1457  0.547824621200562     
        1458  0.539036035537720     
        1459  0.542766332626343     
        1460  0.559428691864014     
        1461  0.546931743621826     
        1462  0.544772148132324     
        1463  0.544735193252563     
        1464  0.549567699432373     
        1465  0.546220302581787     
        1466  0.538830757141113     
        1467  0.535885334014893     
        1468  0.556077957153320     
        1469  0.588098049163818     
        1470   1.08135771751404     
        1471  0.563116788864136     
        1472  0.545078992843628     
        1473  0.548411607742310     
        1474  0.530737400054932     
        1475  0.528075456619263     
        1476  0.541904211044312     
        1477  0.567556858062744     
        1478  0.552647352218628     
        1479  0.536593198776245     
        1480  0.566683769226074     
        1481  0.545458078384399     
        1482  0.558421134948730     
        1483  0.541232824325562     
        1484  0.549803256988525     
        1485  0.554283857345581     
        1486  0.540438175201416     
        1487  0.541171073913574     
        1488  0.556451559066772     
        1489  0.548213720321655     
        1490  0.543955087661743     
        1491  0.540465593338013     
        1492  0.567997455596924     
        1493  0.534555912017822     
        1494  0.541611909866333     
        1495  0.542924642562866     
        1496  0.544230937957764     
        1497  0.550127029418945     
        1498  0.557397842407227     
        1499  0.579891204833984     
        1500   1.07298588752747     
        1501  0.543298721313477     
        1502  0.545270442962646     
        1503  0.554136037826538     
        1504  0.546782732009888     
        1505  0.541114330291748     
        1506  0.553778648376465     
        1507  0.556635379791260     
        1508  0.567801713943481     
        1509  0.547706604003906     
        1510  0.549777507781982     
        1511  0.547098875045776     
        1512  0.565704584121704     
        1513  0.543369770050049     
        1514  0.520586729049683     
        1515  0.550691127777100     
        1516  0.532727241516113     
        1517  0.537738323211670     
        1518  0.549926042556763     
        1519  0.536570072174072     
        1520  0.535621404647827     
        1521  0.557451009750366     
        1522  0.552352666854858     
        1523  0.541496038436890     
        1524  0.544303655624390     
        1525  0.562414884567261     
        1526  0.554905652999878     
        1527  0.549993038177490     
        1528  0.533846378326416     
        1529  0.575056076049805     
        1530   1.08314371109009     
        1531  0.542202711105347     
        1532  0.552581310272217     
        1533  0.547556400299072     
        1534  0.563000202178955     
        1535  0.548950195312500     
        1536  0.549768447875977     
        1537  0.546809911727905     
        1538  0.533632993698120     
        1539  0.543205499649048     
        1540  0.547888040542603     
        1541  0.548524856567383     
        1542  0.542327404022217     
        1543  0.550983667373657     
        1544  0.531153202056885     
        1545  0.544377326965332     
        1546  0.557884216308594     
        1547  0.533506155014038     
        1548  0.551944494247437     
        1549  0.544418811798096     
        1550  0.531835079193115     
        1551  0.547122240066528     
        1552  0.554753780364990     
        1553  0.539474248886108     
        1554  0.540807485580444     
        1555  0.558365106582642     
        1556  0.545585632324219     
        1557  0.529686212539673     
        1558  0.549370050430298     
        1559  0.573593139648438     
        1560   1.08058714866638     
        1561  0.547385454177856     
        1562  0.528355598449707     
        1563  0.572704553604126     
        1564  0.544651269912720     
        1565  0.547276496887207     
        1566  0.534538745880127     
        1567  0.531221866607666     
        1568  0.545442342758179     
        1569  0.531784772872925     
        1570  0.544858694076538     
        1571  0.539436340332031     
        1572  0.536576271057129     
        1573  0.544348716735840     
        1574  0.541732788085938     
        1575  0.549519300460815     
        1576  0.527760028839111     
        1577  0.555289983749390     
        1578  0.532287359237671     
        1579  0.550222635269165     
        1580  0.556133031845093     
        1581  0.532629013061523     
        1582  0.568739652633667     
        1583  0.547946929931641     
        1584  0.525744676589966     
        1585  0.535117387771606     
        1586  0.531268358230591     
        1587  0.543217182159424     
        1588  0.542230844497681     
        1589  0.587602376937866     
        1590   1.09294199943542     
        1591  0.560009241104126     
        1592  0.532566547393799     
        1593  0.547839403152466     
        1594  0.536371231079102     
        1595  0.543436527252197     
        1596  0.533535480499268     
        1597  0.549548864364624     
        1598  0.537208795547485     
        1599  0.529708623886108     
        1600  0.548493623733521     
        1601  0.543218135833740     
        1602  0.548968791961670     
        1603  0.526746988296509     
        1604  0.558206081390381     
        1605  0.547379970550537     
        1606  0.545630216598511     
        1607  0.534821271896362     
        1608  0.535220623016357     
        1609  0.546183824539185     
        1610  0.535078048706055     
        1611  0.540868282318115     
        1612  0.565523862838745     
        1613  0.544925689697266     
        1614  0.550657987594604     
        1615  0.544998168945312     
        1616  0.550361871719360     
        1617  0.554934740066528     
        1618  0.542953491210938     
        1619  0.575195312500000     
        1620   1.07875418663025     
        1621  0.526821374893188     
        1622  0.532471656799316     
        1623  0.549449920654297     
        1624  0.558622598648071     
        1625  0.550864696502686     
        1626  0.562037944793701     
        1627  0.530795812606812     
        1628  0.549792051315308     
        1629  0.541939258575439     
        1630  0.537875413894653     
        1631  0.542163372039795     
        1632  0.553693771362305     
        1633  0.549186706542969     
        1634  0.536911249160767     
        1635  0.553790092468262     
        1636  0.559471368789673     
        1637  0.530685186386108     
        1638  0.551303148269653     
        1639  0.545637845993042     
        1640  0.561144828796387     
        1641  0.540956020355225     
        1642  0.534258127212524     
        1643  0.559059143066406     
        1644  0.546743631362915     
        1645  0.544439077377319     
        1646  0.547573089599609     
        1647  0.538992643356323     
        1648  0.552330970764160     
        1649  0.571990966796875     
        1650   1.06685280799866     
        1651  0.547804117202759     
        1652  0.531316757202148     
        1653  0.567339897155762     
        1654  0.524452209472656     
        1655  0.528922319412231     
        1656  0.559180498123169     
        1657  0.543510675430298     
        1658  0.543900489807129     
        1659  0.554527282714844     
        1660  0.528978347778320     
        1661  0.556906938552856     
        1662  0.552475690841675     
        1663  0.532209396362305     
        1664  0.546920299530029     
        1665  0.545024394989014     
        1666  0.544357061386108     
        1667  0.544980287551880     
        1668  0.535612106323242     
        1669  0.552603006362915     
        1670  0.541550874710083     
        1671  0.549579620361328     
        1672  0.537225723266602     
        1673  0.528604269027710     
        1674  0.538065433502197     
        1675  0.549631118774414     
        1676  0.541419744491577     
        1677  0.547033548355103     
        1678  0.532110214233398     
        1679  0.584716320037842     
        1680   1.08314943313599     
        1681  0.542061090469360     
        1682  0.556410312652588     
        1683  0.534812211990356     
        1684  0.534027576446533     
        1685  0.543582677841187     
        1686  0.535062551498413     
        1687  0.528466224670410     
        1688  0.542554855346680     
        1689  0.561580181121826     
        1690  0.552459716796875     
        1691  0.554635047912598     
        1692  0.532049655914307     
        1693  0.562574386596680     
        1694  0.548548698425293     
        1695  0.545832157135010     
        1696  0.539334297180176     
        1697  0.546838521957397     
        1698  0.549276113510132     
        1699  0.552024364471436     
        1700  0.528784036636353     
        1701  0.548113107681274     
        1702  0.545748472213745     
        1703  0.540170192718506     
        1704  0.537431716918945     
        1705  0.545237541198730     
        1706  0.534468889236450     
        1707  0.539119005203247     
        1708  0.576224803924561     
        1709  0.566931247711182     
        1710   1.07802700996399     
        1711  0.549450397491455     
        1712  0.541791200637817     
        1713  0.543200254440308     
        1714  0.531831264495850     
        1715  0.563869476318359     
        1716  0.545452594757080     
        1717  0.543401002883911     
        1718  0.554544925689697     
        1719  0.551888942718506     
        1720  0.549321413040161     
        1721  0.537920236587524     
        1722  0.534402132034302     
        1723  0.543428182601929     
        1724  0.540490865707397     
        1725  0.531568288803101     
        1726  0.540716171264648     
        1727  0.535331964492798     
        1728  0.545506954193115     
        1729  0.530420303344727     
        1730  0.562577962875366     
        1731  0.544802188873291     
        1732  0.532688617706299     
        1733  0.547814130783081     
        1734  0.527489662170410     
        1735  0.536821842193604     
        1736  0.554676771163940     
        1737  0.551770210266113     
        1738  0.550336360931396     
        1739  0.571960449218750     
        1740   1.07519721984863     
        1741  0.537643671035767     
        1742  0.539577484130859     
        1743  0.551625013351440     
        1744  0.557311296463013     
        1745  0.543471336364746     
        1746  0.563953161239624     
        1747  0.533430337905884     
        1748  0.556586265563965     
        1749  0.540438652038574     
        1750  0.535660505294800     
        1751  0.546613931655884     
        1752  0.576663494110107     
        1753  0.535663127899170     
        1754  0.534931659698486     
        1755  0.542701482772827     
        1756  0.543626070022583     
        1757  0.534844160079956     
        1758  0.544941186904907     
        1759  0.534957408905029     
        1760  0.545391321182251     
        1761  0.544594526290894     
        1762  0.558083295822144     
        1763  0.525708198547363     
        1764  0.558175086975098     
        1765  0.545429229736328     
        1766  0.544149637222290     
        1767  0.527476549148560     
        1768  0.535289525985718     
        1769  0.576435089111328     
        1770   1.07988786697388     
        1771  0.560163497924805     
        1772  0.542868614196777     
        1773  0.543249845504761     
        1774  0.555156707763672     
        1775  0.538934469223022     
        1776  0.562495470046997     
        1777  0.537773609161377     
        1778  0.548319101333618     
        1779  0.533656120300293     
        1780  0.551022768020630     
        1781  0.546489238739014     
        1782  0.552297830581665     
        1783  0.538597822189331     
        1784  0.547273874282837     
        1785  0.541382551193237     
        1786  0.533735275268555     
        1787  0.547488689422607     
        1788  0.540574073791504     
        1789  0.537048816680908     
        1790  0.535607814788818     
        1791  0.547454833984375     
        1792  0.542773008346558     
        1793  0.537699222564697     
        1794  0.550473928451538     
        1795  0.537146806716919     
        1796  0.548741579055786     
        1797  0.548450708389282     
        1798  0.532622814178467     
        1799  0.585152149200439     
        1800   1.07704305648804     
        1801  0.536874294281006     
        1802  0.549230575561523     
        1803  0.532218694686890     
        1804  0.553589820861816     
        1805  0.555347681045532     
        1806  0.552225589752197     
        1807  0.547347307205200     
        1808  0.545030355453491     
        1809  0.551124811172485     
        1810  0.553985357284546     
        1811  0.547442436218262     
        1812  0.549364089965820     
        1813  0.534775972366333     
        1814  0.553498506546021     
        1815  0.538467884063721     
        1816  0.542385101318359     
        1817  0.554890394210815     
        1818  0.549589395523071     
        1819  0.547777652740479     
        1820  0.544928789138794     
        1821  0.560973405838013     
        1822  0.541732788085938     
        1823  0.543679714202881     
        1824  0.551110744476318     
        1825  0.525994300842285     
        1826  0.570431709289551     
        1827  0.542469739913940     
        1828  0.531890630722046     
        1829  0.584725618362427     
        1830   1.09874773025513     
        1831  0.547857761383057     
        1832  0.547483921051025     
        1833  0.544171094894409     
        1834  0.553798913955688     
        1835  0.545766115188599     
        1836  0.536616325378418     
        1837  0.550713300704956     
        1838  0.537456750869751     
        1839  0.558492183685303     
        1840  0.551452159881592     
        1841  0.538225173950195     
        1842  0.546200513839722     
        1843  0.548241615295410     
        1844  0.531673908233643     
        1845  0.547422647476196     
        1846  0.559847116470337     
        1847  0.538408279418945     
        1848  0.561537027359009     
        1849  0.538763284683228     
        1850  0.542561769485474     
        1851  0.534177780151367     
        1852  0.549133777618408     
        1853  0.540392398834229     
        1854  0.547150135040283     
        1855  0.535354614257812     
        1856  0.543080329895020     
        1857  0.542436838150024     
        1858  0.523389339447021     
        1859  0.580066442489624     
        1860   1.07775998115540     
        1861  0.542586326599121     
        1862  0.552232265472412     
        1863  0.552124500274658     
        1864  0.551846504211426     
        1865  0.541987180709839     
        1866  0.546712875366211     
        1867  0.553012609481812     
        1868  0.553844451904297     
        1869  0.545850276947021     
        1870  0.554125547409058     
        1871  0.538461923599243     
        1872  0.555781126022339     
        1873  0.558737516403198     
        1874  0.550110340118408     
        1875  0.530368089675903     
        1876  0.555285215377808     
        1877  0.534875392913818     
        1878  0.552928924560547     
        1879  0.547396183013916     
        1880  0.545212745666504     
        1881  0.532540798187256     
        1882  0.553264856338501     
        1883  0.546373605728149     
        1884  0.547499179840088     
        1885  0.540358781814575     
        1886  0.546030521392822     
        1887  0.536739110946655     
        1888  0.556929588317871     
        1889  0.594622611999512     
        1890   1.09315204620361     
        1891  0.538061618804932     
        1892  0.550695896148682     
        1893  0.538734674453735     
        1894  0.539848804473877     
        1895  0.544693946838379     
        1896  0.551311492919922     
        1897  0.559484004974365     
        1898  0.545622825622559     
        1899  0.525436878204346     
        1900  0.564065217971802     
        1901  0.545354366302490     
        1902  0.541030406951904     
        1903  0.528989076614380     
        1904  0.537800788879395     
        1905  0.546098947525024     
        1906  0.539350032806396     
        1907  0.545219898223877     
        1908  0.548175096511841     
        1909  0.549343585968018     
        1910  0.550118207931519     
        1911  0.544811964035034     
        1912  0.544903278350830     
        1913  0.538203954696655     
        1914  0.537573575973511     
        1915  0.531736612319946     
        1916  0.539565324783325     
        1917  0.553555488586426     
        1918  0.555140018463135     
        1919  0.563567399978638     
        1920   1.09617805480957     
        1921  0.554053068161011     
        1922  0.557180643081665     
        1923  0.532919168472290     
        1924  0.549389123916626     
        1925  0.542545795440674     
        1926  0.556794643402100     
        1927  0.555338382720947     
        1928  0.552256822586060     
        1929  0.537312507629395     
        1930  0.537297248840332     
        1931  0.566937446594238     
        1932  0.541829347610474     
        1933  0.544679880142212     
        1934  0.538282632827759     
        1935  0.541112899780273     
        1936  0.516529560089111     
        1937  0.568570137023926     
        1938  0.539022922515869     
        1939  0.531590938568115     
        1940  0.541482686996460     
        1941  0.546218395233154     
        1942  0.550209045410156     
        1943  0.555226325988770     
        1944  0.557548761367798     
        1945  0.537842035293579     
        1946  0.547232627868652     
        1947  0.556221246719360     
        1948  0.537271738052368     
        1949  0.575410366058350     
        1950   1.06336331367493     
        1951  0.551229476928711     
        1952  0.545724868774414     
        1953  0.552038669586182     
        1954  0.545294523239136     
        1955  0.543484687805176     
        1956  0.538100957870483     
        1957  0.550386667251587     
        1958  0.548171281814575     
        1959  0.546996355056763     
        1960  0.540535211563110     
        1961  0.542490959167480     
        1962  0.564640283584595     
        1963  0.541222333908081     
        1964  0.546768426895142     
        1965  0.537660598754883     
        1966  0.550527811050415     
        1967  0.528527259826660     
        1968  0.544534683227539     
        1969  0.555123805999756     
        1970  0.545513629913330     
        1971  0.549813747406006     
        1972  0.551109075546265     
        1973  0.536990642547607     
        1974  0.561699151992798     
        1975  0.550395250320435     
        1976  0.531641244888306     
        1977  0.547061920166016     
        1978  0.558029651641846     
        1979  0.584217071533203     
        1980   1.07471156120300     
        1981  0.550267457962036     
        1982  0.558121681213379     
        1983  0.547212839126587     
        1984  0.534433603286743     
        1985  0.544325828552246     
        1986  0.522390604019165     
        1987  0.540040969848633     
        1988  0.557474136352539     
        1989  0.547815799713135     
        1990  0.528231143951416     
        1991  0.550482749938965     
        1992  0.529663085937500     
        1993  0.565307617187500     
        1994  0.532472848892212     
        1995  0.567420244216919     
        1996  0.541855335235596     
        1997  0.546975374221802     
        1998  0.535735845565796     
        1999  0.536961793899536     
        2000  0.537580966949463     
        2001  0.542366504669189     
        2002  0.559830188751221     
        2003  0.556832551956177     
        2004  0.538430929183960     
        2005  0.539202928543091     
        2006  0.535610675811768     
        2007  0.543859958648682     
        2008  0.544138669967651     
        2009  0.574761629104614     
        2010   1.08778595924377     
        2011  0.543551921844482     
        2012  0.535002708435059     
        2013  0.542075157165527     
        2014  0.534195661544800     
        2015  0.553993225097656     
        2016  0.550224781036377     
        2017  0.544197797775269     
        2018  0.539677381515503     
        2019  0.539057970046997     
        2020  0.551706314086914     
        2021  0.530268669128418     
        2022  0.559490680694580     
        2023  0.542543411254883     
        2024  0.553098201751709     
        2025  0.550961732864380     
        2026  0.555954933166504     
        2027  0.550224065780640     
        2028  0.542744636535645     
        2029  0.545661449432373     
        2030  0.546654701232910     
        2031  0.566581487655640     
        2032  0.540933132171631     
        2033  0.546258211135864     
        2034  0.547204732894897     
        2035  0.541472911834717     
        2036  0.534106016159058     
        2037  0.548669576644897     
        2038  0.548440694808960     
        2039  0.592351198196411     
        2040   1.06425690650940     
        2041  0.547250747680664     
        2042  0.546229600906372     
        2043  0.553678750991821     
        2044  0.533993244171143     
        2045  0.542757034301758     
        2046  0.530963897705078     
        2047  0.566955327987671     
        2048  0.551990509033203     
        2049  0.540204524993896     
        2050  0.546932935714722     
        2051  0.559110879898071     
        2052  0.542505502700806     
        2053  0.565622806549072     
        2054  0.527152299880981     
        2055  0.541302919387817     
        2056  0.536379575729370     
        2057  0.546511173248291     
        2058  0.541084766387939     
        2059  0.541694402694702     
        2060  0.560009479522705     
        2061  0.527963399887085     
        2062  0.549527168273926     
        2063  0.540042400360107     
        2064  0.571680068969727     
        2065  0.536649465560913     
        2066  0.548960447311401     
        2067  0.541336774826050     
        2068  0.547302961349487     
        2069  0.566756963729858     
        2070   1.08212685585022     
        2071  0.547937870025635     
        2072  0.542200088500977     
        2073  0.541414022445679     
        2074  0.540646314620972     
        2075  0.537760734558105     
        2076  0.549811601638794     
        2077  0.546196222305298     
        2078  0.529974460601807     
        2079  0.542371511459351     
        2080  0.522139787673950     
        2081  0.557551383972168     
        2082  0.543290853500366     
        2083  0.552305221557617     
        2084  0.535239934921265     
        2085  0.525595903396606     
        2086  0.540741682052612     
        2087  0.538388252258301     
        2088  0.542483091354370     
        2089  0.564251422882080     
        2090  0.540488243103027     
        2091  0.535944938659668     
        2092  0.561347723007202     
        2093  0.530555486679077     
        2094  0.555465459823608     
        2095  0.553152322769165     
        2096  0.543212175369263     
        2097  0.564929723739624     
        2098  0.543635845184326     
        2099  0.575990438461304     
        2100   1.06487107276917     
        2101  0.533635616302490     
        2102  0.536753177642822     
        2103  0.555373907089233     
        2104  0.552300453186035     
        2105  0.543136596679688     
        2106  0.534856081008911     
        2107  0.546942472457886     
        2108  0.554820537567139     
        2109  0.549624919891357     
        2110  0.566017389297485     
        2111  0.550014972686768     
        2112  0.525077104568481     
        2113  0.542754411697388     
        2114  0.562018156051636     
        2115  0.550722122192383     
        2116  0.533910274505615     
        2117  0.556827783584595     
        2118  0.548151731491089     
        2119  0.543429851531982     
        2120  0.543995857238770     
        2121  0.539097070693970     
        2122  0.537091016769409     
        2123  0.545602083206177     
        2124  0.537182092666626     
        2125  0.554738521575928     
        2126  0.534660577774048     
        2127  0.546980857849121     
        2128  0.561772346496582     
        2129  0.582122087478638     
        2130   1.06756377220154     
        2131  0.540963411331177     
        2132  0.529586076736450     
        2133  0.545524120330811     
        2134  0.539497137069702     
        2135  0.552884101867676     
        2136  0.531278133392334     
        2137  0.535435914993286     
        2138  0.532828330993652     
        2139  0.542800426483154     
        2140  0.549623250961304     
        2141  0.547911882400513     
        2142  0.535994529724121     
        2143  0.546647787094116     
        2144  0.537420034408569     
        2145  0.547447681427002     
        2146  0.560595512390137     
        2147  0.535509347915649     
        2148  0.539112091064453     
        2149  0.545013189315796     
        2150  0.534719467163086     
        2151  0.546853303909302     
        2152  0.533985376358032     
        2153  0.537708044052124     
        2154  0.540490388870239     
        2155  0.528369188308716     
        2156  0.547644376754761     
        2157  0.562585115432739     
        2158  0.546713113784790     
        2159  0.588229656219482     
        2160   1.06141638755798     
        2161  0.545520305633545     
        2162  0.559371948242188     
        2163  0.540854454040527     
        2164  0.545508623123169     
        2165  0.551311969757080     
        2166  0.569230794906616     
        2167  0.549093484878540     
        2168  0.556135654449463     
        2169  0.546067476272583     
        2170  0.527895927429199     
        2171  0.551291227340698     
        2172  0.547012567520142     
        2173  0.541785240173340     
        2174  0.546803236007690     
        2175  0.534662246704102     
        2176  0.536913633346558     
        2177  0.552608966827393     
        2178  0.553101062774658     
        2179  0.546572446823120     
        2180  0.556754112243652     
        2181  0.531998157501221     
        2182  0.559316396713257     
        2183  0.541573762893677     
        2184  0.552377462387085     
        2185  0.563987970352173     
        2186  0.539089918136597     
        2187  0.536410808563232     
        2188  0.537781953811646     
        2189  0.581683397293091     
        2190   1.07715535163879     
        2191  0.535843372344971     
        2192  0.537691831588745     
        2193  0.539706468582153     
        2194  0.542937755584717     
        2195  0.543582439422607     
        2196  0.538857221603394     
        2197  0.527056932449341     
        2198  0.548895120620728     
        2199  0.526791810989380     
        2200  0.548519849777222     
        2201  0.558092117309570     
        2202  0.540547609329224     
        2203  0.554393291473389     
        2204  0.545901298522949     
        2205  0.525456666946411     
        2206  0.543428659439087     
        2207  0.559967279434204     
        2208  0.540550708770752     
        2209  0.539609909057617     
        2210  0.544977903366089     
        2211  0.533982038497925     
        2212  0.563374280929565     
        2213  0.554889440536499     
        2214  0.550996065139771     
        2215  0.534714460372925     
        2216  0.562705755233765     
        2217  0.534142017364502     
        2218  0.553263425827026     
        2219  0.584489822387695     
        2220   1.08781933784485     
        2221  0.536648750305176     
        2222  0.543874263763428     
        2223  0.545555591583252     
        2224  0.562179088592529     
        2225  0.550329685211182     
        2226  0.539019584655762     
        2227  0.543335676193237     
        2228  0.533806085586548     
        2229  0.536361694335938     
        2230  0.542185306549072     
        2231  0.538351058959961     
        2232  0.545808792114258     
        2233  0.534826993942261     
        2234  0.536949157714844     
        2235  0.539798021316528     
        2236  0.526895523071289     
        2237  0.560299634933472     
        2238  0.539250850677490     
        2239  0.533466339111328     
        2240  0.553345203399658     
        2241  0.548942565917969     
        2242  0.546478509902954     
        2243  0.535838603973389     
        2244  0.544835805892944     
        2245  0.535409927368164     
        2246  0.554219961166382     
        2247  0.548826932907104     
        2248  0.570756435394287     
        2249  0.578070878982544     
        2250   1.06603765487671     
        2251  0.533742189407349     
        2252  0.556445121765137     
        2253  0.539992094039917     
        2254  0.554083585739136     
        2255  0.545024156570435     
        2256  0.545987129211426     
        2257  0.534410476684570     
        2258  0.537578582763672     
        2259  0.557157754898071     
        2260  0.549408912658691     
        2261  0.548689603805542     
        2262  0.555574178695679     
        2263  0.521897077560425     
        2264  0.554394483566284     
        2265  0.531716823577881     
        2266  0.555984735488892     
        2267  0.539558887481689     
        2268  0.539637565612793     
        2269  0.553437948226929     
        2270  0.531017303466797     
        2271  0.515909194946289     
        2272  0.564952850341797     
        2273  0.538210153579712     
        2274  0.536542654037476     
        2275  0.535517692565918     
        2276  0.544182062149048     
        2277  0.556791543960571     
        2278  0.533925533294678     
        2279  0.585620641708374     
        2280   1.09662818908691     
        2281  0.543700456619263     
        2282  0.551666736602783     
        2283  0.540001869201660     
        2284  0.550910234451294     
        2285  0.534056186676025     
        2286  0.543563604354858     
        2287  0.532675504684448     
        2288  0.540417194366455     
        2289  0.538999557495117     
        2290  0.543513774871826     
        2291  0.553553819656372     
        2292  0.545324325561523     
        2293  0.541677236557007     
        2294  0.552015542984009     
        2295  0.549976110458374     
        2296  0.541114330291748     
        2297  0.544559240341187     
        2298  0.543681144714355     
        2299  0.549317359924316     
        2300  0.550535440444946     
        2301  0.536121606826782     
        2302  0.552628040313721     
        2303  0.556746482849121     
        2304  0.543027162551880     
        2305  0.556072235107422     
        2306  0.543307065963745     
        2307  0.529520273208618     
        2308  0.541398525238037     
        2309  0.571259498596191     
        2310   1.08647704124451     
        2311  0.534346580505371     
        2312  0.552174568176270     
        2313  0.526422500610352     
        2314  0.559226989746094     
        2315  0.540088891983032     
        2316  0.548556327819824     
        2317  0.544568061828613     
        2318  0.536946773529053     
        2319  0.530899286270142     
        2320  0.556164741516113     
        2321  0.542807340621948     
        2322  0.538078069686890     
        2323  0.536942005157471     
        2324  0.548138618469238     
        2325  0.537461042404175     
        2326  0.536258697509766     
        2327  0.538348913192749     
        2328  0.544511079788208     
        2329  0.528454780578613     
        2330  0.547160863876343     
        2331  0.542327880859375     
        2332  0.531626462936401     
        2333  0.532329559326172     
        2334  0.532947301864624     
        2335  0.549038887023926     
        2336  0.548473119735718     
        2337  0.539971351623535     
        2338  0.538860559463501     
        2339  0.573568820953369     
        2340   1.06688046455383     
        2341  0.522338867187500     
        2342  0.563374996185303     
        2343  0.546839714050293     
        2344  0.523996114730835     
        2345  0.558011293411255     
        2346  0.527163743972778     
        2347  0.554011583328247     
        2348  0.541027069091797     
        2349  0.552323579788208     
        2350  0.544634819030762     
        2351  0.529467344284058     
        2352  0.540214776992798     
        2353  0.536499977111816     
        2354  0.545521974563599     
        2355  0.542626380920410     
        2356  0.560288429260254     
        2357  0.543252229690552     
        2358  0.547658920288086     
        2359  0.541152238845825     
        2360  0.541618108749390     
        2361  0.556006193161011     
        2362  0.548275709152222     
        2363  0.535530328750610     
        2364  0.544029474258423     
        2365  0.534925699234009     
        2366  0.552016973495483     
        2367  0.563365697860718     
        2368  0.542229175567627     
        2369  0.580113410949707     
        2370   1.10043191909790     
        2371  0.561862707138062     
        2372  0.544510841369629     
        2373  0.547796726226807     
        2374  0.525737524032593     
        2375  0.555816888809204     
        2376  0.556320905685425     
        2377  0.537202835083008     
        2378  0.553198337554932     
        2379  0.524966001510620     
        2380  0.547761440277100     
        2381  0.530549287796021     
        2382  0.549132108688354     
        2383  0.546144008636475     
        2384  0.553432703018188     
        2385  0.547509670257568     
        2386  0.550008773803711     
        2387  0.547769784927368     
        2388  0.533181428909302     
        2389  0.553308963775635     
        2390  0.534878253936768     
        2391  0.535248279571533     
        2392  0.549153566360474     
        2393  0.566471338272095     
        2394  0.558357000350952     
        2395  0.547251224517822     
        2396  0.552169322967529     
        2397  0.527792453765869     
        2398  0.546197175979614     
        2399  0.585206747055054     
        2400   1.07780551910400     
        2401  0.539978742599487     
        2402  0.552502632141113     
        2403  0.547421455383301     
        2404  0.535951852798462     
        2405  0.554366111755371     
        2406  0.541696071624756     
        2407  0.547565937042236     
        2408  0.529159784317017     
        2409  0.524341106414795     
        2410  0.542987108230591     
        2411  0.545716285705566     
        2412  0.536135673522949     
        2413  0.569782972335815     
        2414  0.534290552139282     
        2415  0.552293777465820     
        2416  0.547698497772217     
        2417  0.550824165344238     
        2418  0.524098157882690     
        2419  0.545643329620361     
        2420  0.527679443359375     
        2421  0.556551218032837     
        2422  0.536006450653076     
        2423  0.534644842147827     
        2424  0.539619922637939     
        2425  0.543015718460083     
        2426  0.542024850845337     
        2427  0.545372486114502     
        2428  0.549277544021606     
        2429  0.588941097259521     
