           1   1.13699674606323     
           2   1.13497304916382     
           3   1.14940762519836     
           4   1.14497733116150     
           5   1.11866855621338     
           6   1.17579436302185     
           7   1.15831708908081     
           8   1.15028357505798     
           9   1.14612245559692     
          10   1.14758539199829     
          11   1.15565848350525     
          12   1.13893437385559     
          13   1.14584159851074     
          14   1.14437103271484     
          15   1.15376019477844     
          16   1.11594510078430     
          17   1.13799619674683     
          18   1.15028810501099     
          19   1.14890766143799     
          20   1.14141964912415     
          21   1.13501524925232     
          22   1.14282464981079     
          23   1.11746740341187     
          24   1.17086744308472     
          25   1.14874005317688     
          26   1.08603620529175     
          27   1.17633628845215     
          28   1.13721466064453     
          29   1.21717858314514     
